# Learned LUT: two drive values [V] per row, before pulse shaping and DAC.
# Row index 0..1023: MSB-first [b0[k-2]..b0[k+2], b1[k-2]..b1[k+2]].
-0.0161761828 -0.0207475126
-0.138985962 0.140049964
0.147835344 -0.119498827
-0.011913172 -0.0490297116
-0.211636618 -0.261530787
-0.39008674 -0.223061696
-0.164409518 -0.626888692
-0.160133511 -0.75861752
0.643619537 3.02115583
0.477949083 3.18971515
0.789481282 2.88544106
0.779804528 2.94022393
0.311726987 3.3782258
0.129735127 3.61800694
0.333633929 3.24370599
0.159035966 3.15981603
0.601460695 -0.315833807
0.484100759 -0.296538621
0.789704144 -0.4585177
0.695232391 -0.28182283
0.335368603 -0.818508565
0.249111518 -0.652648926
0.476071179 -1.10959196
0.486585945 -1.11445618
1.83702254 3.82093501
1.75318849 3.97056293
1.9060632 3.48822856
1.90304244 3.52584171
1.74876416 3.96189404
1.74220848 4.12729311
1.91164207 3.9002223
1.90770817 3.97104573
-0.049256403 0.305090934
-0.157917827 0.273566723
0.143081024 0.0274981521
0.00764791248 0.179872558
-0.159541786 -0.104763396
-0.292429209 -0.00903108809
-0.00184763211 -0.476021677
-0.152534887 -0.200421542
0.636456788 3.26790285
0.49584353 3.42324138
0.786913335 3.02781606
0.67864424 3.1886766
0.319160163 3.48087239
0.300248951 3.73266149
0.485664397 3.34088659
0.33623001 3.66032362
0.610033095 0.0158937648
0.477192432 0.00280442042
0.800638199 -0.252955049
0.645043552 -0.15955247
0.473006368 -0.529364526
0.273804724 -0.466877997
0.546541691 -0.796777666
0.480142772 -0.651723027
1.89180875 3.94705057
1.78155351 4.16278887
1.91809392 3.67340302
1.91399086 3.95750904
1.84273481 4.13530111
1.75454354 4.20308352
1.91588116 3.9629488
1.90130687 4.12954473
-0.191374645 -0.152197227
-0.316317797 -0.140394986
-0.0356744938 -0.183173507
-0.221148029 -0.158315048
-0.319992244 -0.324519068
-0.341187179 -0.297053903
-0.168021068 -0.317364663
-0.323951334 -0.160925314
0.462514937 3.02069974
0.467867285 3.18913436
0.646517932 2.83766556
0.54859817 3.04391241
0.306493521 3.16175032
0.181659117 3.35494184
0.476296812 3.02906895
0.331076711 3.24853373
0.474605173 -0.309690356
0.458760709 -0.307160258
0.643444657 -0.481864989
0.512749434 -0.445882887
0.325162113 -0.625509024
0.167994469 -0.653114498
0.487153709 -0.795915902
0.34066087 -0.61485976
1.7419337 3.48813987
1.66982901 3.64606118
1.89519608 3.36880112
1.74486434 3.48735428
1.74253154 3.65103817
1.59801018 3.78341055
1.76145065 3.60433674
1.74506855 3.64422441
-0.165118083 -0.00532678934
-0.301130027 0.124279656
0.0391036831 -0.00892018527
-0.15419364 -0.00553162256
-0.242215261 -0.353263378
-0.333998412 -0.134444267
-0.15607512 -0.253527373
-0.325919449 0.00810304377
0.642187357 3.15975976
0.467897505 3.4345963
0.696694016 2.99590182
0.618680716 3.26455307
0.482704103 3.1604619
0.320687056 3.52756047
0.473415643 3.17969251
0.327290028 3.44017434
0.503129661 -0.0874600336
0.457091153 -0.0125490837
0.691726446 -0.439777195
0.635711074 -0.260930479
0.329276562 -0.628325403
0.287308723 -0.317770749
0.478804171 -0.797566772
0.347615302 -0.544697106
1.74662542 3.73697925
1.74958634 3.82135177
1.90182185 3.55013204
1.86747766 3.65982628
1.73747218 3.92099404
1.62537885 3.95893955
1.89808309 3.63390923
1.77061594 3.78679872
-0.159474522 0.657442451
-0.16842252 0.725634694
-0.0165561028 0.57554251
-0.0159335118 0.691904247
-0.31401822 0.793692112
-0.472984523 0.793626964
-0.279658347 0.801112533
-0.493197292 0.980778694
0.603790462 3.82489324
0.477547258 3.94611502
0.667369843 3.77940464
0.550303102 3.72062302
0.229888692 4.12038851
0.186264619 4.27300406
0.327610105 4.10847235
0.17436783 4.14797974
0.505188465 0.502946496
0.447847933 0.617031991
0.652707398 0.326123655
0.618326485 0.477271736
0.323309034 0.66050446
0.167819515 0.648611069
0.35992384 0.728084564
0.189097837 0.981548667
1.43474364 3.97679615
1.39724898 4.13404179
1.5880276 3.89134002
1.5896126 3.93609929
1.26233029 4.48027897
1.12722397 4.60958147
1.41872072 4.35481501
1.2898016 4.59851933
-0.174258679 0.92682606
-0.158862427 0.944969952
0.146002769 0.751136303
-0.000452659064 0.762897491
-0.303038687 0.84063071
-0.360705584 0.91349262
-0.167252362 0.796170831
-0.309098005 0.869871855
0.589204192 3.9407146
0.484048128 4.12992334
0.79584682 3.79508758
0.67204839 4.00380182
0.466723621 4.25243473
0.334917605 4.41266155
0.414827526 4.13266516
0.346865863 4.30501604
0.340805024 0.823751986
0.415058792 0.816067219
0.711883247 0.458497047
0.636246324 0.598530769
0.324525297 0.750842512
0.180913135 0.79136765
0.458449006 0.634231746
0.329394132 0.748303771
1.57042849 3.9627676
1.43237174 4.18732405
1.73527372 3.85305953
1.60566545 4.13339996
1.27052057 4.4382844
1.27631235 4.59035873
1.42681217 4.45540857
1.40905213 4.58626032
-0.177844763 0.182284042
-0.309197158 0.308058858
-0.0208032243 0.273214698
-0.157345802 0.323137194
-0.316240996 0.460848242
-0.469056219 0.54666394
-0.172634065 0.413090914
-0.440841198 0.624219596
0.806917489 3.9687407
0.626575887 3.95790577
0.948646963 4.0069623
0.813739061 4.10147333
0.3053675 4.02308893
0.247893736 4.19093609
0.338967502 3.79021525
0.299051672 3.9906249
0.331389606 0.181307405
0.315978408 0.187998667
0.562703907 0.159407124
0.452658236 0.159856141
0.167866394 0.471895188
0.117651105 0.457214326
0.400278896 0.298651099
0.163951352 0.513080776
1.55662894 4.15864754
1.43876088 4.41197681
1.58512783 4.13346577
1.59000516 4.28612566
1.26607239 4.35758257
1.11152911 4.432549
1.40386164 4.18583775
1.3151046 4.30898142
-0.14849782 0.316799343
-0.154580042 0.308597058
0.000538479886 0.318138897
-0.0510544851 0.471402019
-0.299690902 0.480020881
-0.355768919 0.54380089
-0.147988409 0.503879547
-0.324250072 0.631143153
1.10233068 4.28681898
0.821114719 4.28523874
0.853361845 3.95165944
0.783481359 4.13643026
0.462910533 4.22102022
0.319566071 4.46294308
0.483214229 4.11177111
0.406990081 4.24983883
0.472836018 0.163828447
0.369720042 0.306307256
0.731805801 0.0956708714
0.603603303 0.19900611
0.263090163 0.316412151
0.16729027 0.484734982
0.474118859 0.319527656
0.321971536 0.460657001
1.6368705 4.38542414
1.58143556 4.44230747
1.60611629 3.77020502
1.57904577 4.24584866
1.28446507 4.48339224
1.27186441 4.52165794
1.42869556 4.22992325
1.40245581 4.46352339
3.218822 0.648621023
3.18797421 0.741697729
3.30717683 0.571616232
3.26242471 0.562155485
3.1535852 0.49221307
3.15692234 0.583421707
3.21083093 0.150295869
3.14492631 -0.0157067776
3.9685719 3.89678383
3.96996856 3.9402492
4.09354305 3.51262522
4.09540987 3.57241106
3.90688634 4.11839676
3.84784889 4.33827209
4.1230402 3.98851538
3.96794987 3.87184191
3.99377966 0.792767227
3.90737128 0.7939592
4.15453434 0.629351914
4.07908392 0.638333321
3.85165191 0.595113516
3.81068444 0.629577994
3.96563053 0.158138126
3.96239829 0.150901914
4.98761463 4.42956591
4.94187069 4.4944644
4.99575567 4.18280506
5 4.17367983
4.83150673 4.70961142
4.76775503 4.86114359
4.9805007 4.46665907
4.91896629 4.24336767
3.47284579 0.952023923
3.50884819 0.936890006
3.5401113 0.793947995
3.49315953 0.942162097
3.25498652 0.790003598
3.34570336 0.789891899
3.36892247 0.508320332
3.47924066 0.624357879
4.28026342 4.13974857
4.28181076 4.24606514
4.2935853 3.8194325
4.43677616 4.06016827
4.04803801 4.28444576
4.01691389 4.45498943
4.27239609 4.21150637
4.30668736 4.44228458
4.10609055 1.03148961
4.0998435 1.08919871
4.28178787 0.782715559
4.24047661 0.886519432
4.05539274 0.776905954
4.06677294 0.789714277
4.12156677 0.452146471
4.01748943 0.617460251
4.99972296 4.5829196
5 4.75235415
5 4.30356264
5 4.46302605
4.91281176 4.79265022
4.90361691 4.87643957
4.99740982 4.58934879
4.9517951 4.82077265
3.17228198 0.47713834
3.18829918 0.514011085
3.11129308 0.466646552
3.11854362 0.472741783
3.06635809 0.467382193
3.00360513 0.461206883
3.01875472 0.370160013
2.97276783 0.476735234
3.81661367 3.81499743
3.80999899 3.96787643
3.80864477 3.72827387
3.87263227 3.81217456
3.67266822 4.04342127
3.67089868 4.10948896
3.78353333 3.87640619
3.67192984 3.99083543
3.86958075 0.623270988
3.93703008 0.611569405
3.97469187 0.505089402
3.83198619 0.616440654
3.75988317 0.59599334
3.74138141 0.595272362
3.8108449 0.467262328
3.78541899 0.486061037
4.92234468 4.28437901
4.87552643 4.40857601
4.9946785 4.17782402
4.90602207 4.28498173
4.76431656 4.44051695
4.76070213 4.56418419
4.9069171 4.34903574
4.78542042 4.4071703
3.31752443 0.628606677
3.42289424 0.638746262
3.38465762 0.570927083
3.46851087 0.634098172
3.15203953 0.374761403
3.24956822 0.621345043
3.25177574 0.497164458
3.31624627 0.638305664
3.95504332 4.05718136
4.03400707 4.11947823
4.11986732 3.79870319
4.06168795 3.95391417
3.9090786 3.99570894
3.96983647 4.28260279
3.97334123 4.03758669
3.93910408 4.20122099
3.87940216 0.799880028
3.96637845 0.799472749
4.10432434 0.639584363
3.99162388 0.738508999
3.92588854 0.435698777
3.8933723 0.651283383
3.97055054 0.469782501
3.9434936 0.626571119
4.94772434 4.41353083
4.98386955 4.54688358
5 4.24737501
4.99970484 4.4357338
4.87784863 4.62162876
4.79342365 4.61195898
4.93986177 4.37721968
4.93469381 4.61743307
3.42318034 1.41000223
3.27547503 1.45901179
3.33047891 1.33751392
3.33956313 1.42247415
3.2980876 1.42074311
3.20051956 1.53708327
3.33431315 1.41620314
3.13157988 1.565624
4.13079786 4.7533083
4.00819588 4.74961948
4.15583277 4.58220243
4.14325523 4.48064137
3.88319135 4.94998789
3.84059715 4.99280453
3.97988892 4.78694773
3.89790678 4.75820827
4.12260389 1.44083536
4.09894419 1.59244633
4.24329948 1.41035903
4.27388287 1.43981349
4.12927914 1.62700093
4.10045338 1.74242949
4.22910881 1.58176851
4.13326359 1.71853006
4.99992514 4.94352293
4.9421258 4.99416447
4.99436188 4.93459702
5 4.93514442
4.72736502 5
4.76031303 5
5 4.99805975
4.87874365 5
3.66481757 1.58807266
3.54818058 1.72045124
3.66371036 1.53264463
3.75677347 1.5872606
3.48471594 1.59460425
3.44725347 1.68886113
3.50544834 1.5396353
3.49974632 1.5875659
4.26581287 4.91587019
4.34465265 4.96272755
4.47928047 4.75608063
4.50556421 4.9186883
4.13160276 4.98733759
4.11721087 4.99999619
4.34634495 4.91280174
4.33145523 5
4.27586985 1.73717451
4.28717136 1.73611772
4.46123457 1.47393346
4.44367409 1.57165372
4.26398563 1.74770558
4.13160563 1.75398183
4.29527617 1.74106777
4.28976154 1.73512661
5 4.97385836
4.98994827 4.99317265
5 4.8374896
4.99981689 4.9998107
4.79674387 4.99882126
4.74720955 5
4.92742538 5
4.94048595 4.99963284
3.35607123 0.789902687
3.36214995 0.948850334
3.44011736 0.793544352
3.2813766 0.899131894
3.15142179 1.22770727
3.15664411 1.27170324
3.20473671 1.10787582
3.2449944 1.26113808
3.9910655 4.73238659
3.91963029 4.77146482
4.10354185 4.60267544
3.85177588 4.7672925
3.64575863 4.75395536
3.61222196 4.7572341
3.89703178 4.70840788
3.76201463 4.76290464
3.95617843 0.526592851
3.95554352 0.572636664
4.08199644 0.603763878
3.98034716 0.628988266
3.96577072 1.26711214
3.84264994 1.28876364
4.0501976 1.20186663
3.95169449 1.26206005
4.98375607 4.93488932
4.93713951 4.99745893
5 4.91425943
4.91988707 4.97675657
4.76229191 4.93299627
4.70943022 4.99821234
4.89959192 4.88222456
4.82115316 4.97777224
3.63695955 0.953248501
3.7292316 1.11373305
3.65585995 0.947046459
3.63115048 1.01156855
3.44479632 1.28229403
3.32898593 1.43107653
3.48084641 1.26849353
3.41808367 1.38148165
4.31584692 4.99906063
4.1233325 5
4.19043684 4.63354588
4.21974945 4.91012096
3.97484684 5
3.96024442 4.9991684
4.08859587 4.74611568
3.96430278 4.91970778
4.07180691 0.619271457
3.9032774 0.801144123
4.18654156 0.746957183
4.19799423 0.790597022
4.03463745 1.28411281
3.96798062 1.38662565
4.13750362 1.29376936
4.04171133 1.36221802
4.92152452 4.99994421
4.8937664 5
5 4.91958666
4.99977303 5
4.76043367 4.99413252
4.76209784 5
4.92939234 4.93410683
4.92373657 4.98459959
-0.029039152 -0.163962081
-0.161267176 -0.028939629
0.156956315 -0.321196109
0.0681446046 -0.173843235
-0.201470315 -0.424552262
-0.313928038 -0.324466586
0.0023076518 -0.817185104
-0.157000095 -0.959286809
0.609043062 3.0201633
0.474757701 3.15117359
0.782180071 2.80006933
0.741734803 2.84333873
0.343859911 3.39640522
0.323994398 3.52096891
0.47799927 3.13009667
0.313842446 2.87567019
0.648872435 -0.182644814
0.63227874 -0.23657313
0.825684369 -0.353285402
0.800183058 -0.23011224
0.472244382 -0.845327258
0.329496562 -0.81991756
0.628649831 -1.33270967
0.460407704 -1.41309452
1.43460834 3.60690737
1.41937137 3.65081644
1.59678888 3.33238411
1.57783091 3.46192861
1.42511368 4.00736904
1.26994717 4.07027578
1.5932585 4.10132122
1.59526229 4.13555717
-0.0938182399 0.111282371
-0.169111937 0.140996784
0.151226521 -0.0890991613
0.00270327483 0.00467563653
-0.164264128 -0.149264053
-0.296479881 -0.14498046
-0.0136930691 -0.584612012
-0.160159677 -0.427193314
0.581957817 3.21334815
0.478086799 3.32807207
0.800931215 2.97850823
0.635279059 3.18084073
0.321898222 3.60551357
0.315210909 3.65202808
0.475091785 3.45279908
0.480157435 3.64745879
0.637987435 0.0395088755
0.555474579 -0.00620862143
0.836227119 -0.270522982
0.794101179 -0.119890049
0.472190201 -0.630537808
0.418303788 -0.486385673
0.635464847 -0.99404186
0.591483057 -0.783311903
1.49898696 3.78104615
1.4263556 3.81322837
1.63414609 3.5318346
1.60777569 3.64314365
1.45843625 4.18208313
1.42502522 4.12560511
1.59100413 4.14331293
1.58621633 4.13297749
-0.155626386 -0.344875485
-0.320090055 -0.315183371
-0.00922362972 -0.35608834
-0.159330055 -0.317521572
-0.315925241 -0.436288446
-0.449848175 -0.462672055
-0.159735993 -0.48215431
-0.327322394 -0.330301553
0.44622305 2.96374559
0.40102613 3.0003953
0.646811843 2.77896404
0.497341663 2.85790944
0.307937354 3.18878245
0.300317556 3.20817089
0.396645874 3.01293707
0.327201813 3.18074751
0.550995827 -0.337216586
0.450987279 -0.331465364
0.668679535 -0.626165271
0.644853354 -0.488717377
0.338458359 -0.63548398
0.2831195 -0.647058427
0.487564683 -0.795866013
0.391050369 -0.590728045
1.35752666 3.32844996
1.25936437 3.47447133
1.44589937 3.16788149
1.40401733 3.33881021
1.28981292 3.63599563
1.28333187 3.63855648
1.4334569 3.52015519
1.40600753 3.51511312
-0.147873759 -0.182867348
-0.183649957 -0.176157653
-0.00175484619 -0.310512632
-0.00726816012 -0.165806726
-0.151990384 -0.520778
-0.334500551 -0.296610564
-0.153285474 -0.462766618
-0.310804039 -0.268950075
0.632915795 3.15497541
0.448814332 3.18938684
0.641251624 2.97988296
0.537734926 3.12114453
0.491166115 3.31998897
0.320346981 3.42957067
0.502216637 3.22004557
0.32944259 3.31607771
0.630992055 -0.233412072
0.442602098 -0.158504486
0.797610044 -0.359165728
0.647819877 -0.32811299
0.477300942 -0.721136153
0.329143971 -0.383740783
0.594503582 -0.78452456
0.4731462 -0.567611754
1.45501399 3.63803077
1.41690016 3.65161228
1.53253412 3.333359
1.43797934 3.46096826
1.4195435 3.664464
1.26732588 3.78881645
1.44696343 3.66256237
1.43494523 3.67130423
-0.239855245 0.470967501
-0.317276776 0.485022753
-0.142950132 0.316683412
-0.165658727 0.460576743
-0.321662515 0.479298383
-0.489147305 0.545048475
-0.319925576 0.633574724
-0.638046145 0.787445307
0.471833646 3.80909538
0.455024302 3.80992293
0.645057499 3.6371572
0.516114235 3.61594296
0.222460866 4.01321554
0.161201686 4.12321234
0.195911542 3.98107815
-0.136732236 4.08246613
0.494576663 0.632947803
0.474610806 0.523016036
0.668516159 0.469324589
0.631318808 0.490568578
0.294946074 0.625597775
0.23315008 0.603207767
0.351236641 0.627408862
0.14899525 0.829977393
1.37127185 4.01951456
1.27998078 4.26044893
1.48261809 3.79220247
1.42189062 3.87341738
1.1062268 4.36764288
1.05481088 4.42785025
1.10687399 4.28514671
1.11239111 4.29943419
-0.169186175 0.64097923
-0.270417869 0.628405929
0.000406876003 0.481200874
-0.0976826102 0.579216421
-0.318664193 0.633789599
-0.376816779 0.640819669
-0.198654532 0.622813046
-0.318947554 0.630220532
0.485197246 3.96554899
0.485033661 4.11771441
0.767232835 3.79866433
0.634294689 3.96252966
0.322486877 4.28208065
0.215700656 4.35429144
0.257737398 4.10428238
0.135236323 4.28398132
0.470954746 0.796196342
0.420229673 0.784187376
0.770867527 0.554625094
0.616308153 0.516969442
0.3087174 0.667768717
0.298088253 0.743216038
0.474986047 0.631421506
0.347087801 0.630100191
1.43086946 4.16285086
1.39406145 4.30151272
1.58681417 3.90447116
1.5827601 4.13924599
1.12489712 4.51322317
1.10939753 4.53531218
1.26127577 4.41586304
1.19404781 4.47338057
-0.317382127 -0.00695250742
-0.413964331 -0.00434144773
-0.207079828 -0.0012930464
-0.353250951 -0.00384313962
-0.321495384 0.318493605
-0.489820689 0.321445674
-0.319145411 0.295053482
-0.552577615 0.312491536
0.474941581 3.82164264
0.316509336 3.89464378
0.749369264 3.80940676
0.637927175 3.82480097
0.215364173 4.01719332
0.155669093 4.08076048
0.344027609 3.79378366
0.0669279099 3.89882302
0.422188044 0.0253459532
0.415534019 -0.000397844909
0.603184402 0.0121502113
0.477959394 -0.00942994747
0.119857594 0.333447397
0.10372299 0.368205488
0.319336325 0.232418329
0.166705802 0.394919336
1.43230581 4.08880186
1.35977006 4.13842344
1.60396945 3.96572733
1.61317873 4.03959656
1.11902237 4.3829937
1.09739006 4.29056549
1.26344836 4.09830284
1.19336259 4.22754812
-0.166138068 0.00124254602
-0.326847345 0.148350358
-0.108436175 0.0442137122
-0.156594679 0.159867913
-0.168625906 0.316874713
-0.393235713 0.317753732
-0.177123725 0.328036338
-0.345602959 0.42704457
1.10786474 3.97017789
0.795416117 4.09871817
0.81771636 3.8129313
0.742587566 3.97962904
0.519112408 4.12990475
0.315771431 4.19657278
0.430278122 4.0645318
0.333025753 4.10440207
0.509035885 0.11931812
0.472504586 0.156339765
0.652033269 0.00279603223
0.63071698 0.158323318
0.292149574 0.321948379
0.210223466 0.305586934
0.452405035 0.315886647
0.249273822 0.307846218
1.74164605 4.13526773
1.58723021 4.16832304
1.60181355 3.98191142
1.58847499 4.11684847
1.27212369 4.39126301
1.11183226 4.43657017
1.29491353 4.3075552
1.25562978 4.36503744
3.39714813 0.428756952
3.33403158 0.456336558
3.50808597 0.303734839
3.4805162 0.292998999
3.18178415 0.184780538
3.1450851 0.181063682
3.17634964 -0.140327036
3.18065119 -0.304096699
4.2539134 3.84024215
4.18900824 3.96918416
4.28134823 3.70509648
4.29373026 3.76590872
4.02762794 4.13050127
3.98815203 4.2290144
4.12157631 3.76612878
4.12058163 3.65906572
4.13031673 0.482443839
4.15078306 0.482401729
4.21620655 0.308316678
4.37654781 0.393346786
3.89432359 0.162460744
3.9449625 0.163569391
4.13971043 -0.272560716
4.12845373 -0.31203109
4.99278355 4.29609489
4.99895239 4.46726322
4.99812603 4.12250042
4.99688578 4.24556589
4.9228735 4.63836002
4.91753578 4.6506772
4.99998903 4.55388832
4.99728537 4.57375431
3.69270372 0.606557727
3.65143394 0.637210906
3.63571882 0.473970383
3.66932631 0.496158719
3.36534619 0.499820322
3.41138005 0.486066192
3.40055776 0.227487937
3.4910295 0.419436872
4.43065023 4.11341524
4.43229532 4.21768141
4.45671892 3.97891212
4.45660305 4.12808037
4.24436855 4.25854015
4.2759428 4.44619656
4.29735947 4.12184525
4.33191299 4.28795528
4.36625624 0.746403456
4.28958225 0.780416787
4.35916758 0.447602689
4.37764359 0.539563417
4.20383358 0.426585883
4.24588585 0.491151094
4.16668653 0.120531067
4.09448099 0.21524249
4.99818516 4.28743267
4.99917507 4.53300905
4.99725819 4.20502043
4.99976206 4.28968239
4.97945213 4.64387894
4.90877962 4.6821661
4.99990177 4.49948072
4.99757385 4.61875248
3.34819293 0.158028111
3.32385945 0.158253387
3.33492064 0.0238270275
3.29766679 0.0646615103
3.09988713 0.153692335
3.02674484 0.136060491
3.15974379 0.133598581
2.94113469 0.178739682
4.14734602 3.79238534
3.98895097 3.8064971
4.13121033 3.6458962
4.12247276 3.65555882
3.87339401 3.88802004
3.81037283 3.95435429
3.96636081 3.78625822
3.8868587 3.8363905
3.94601297 0.316730112
3.74578238 0.307888418
3.97290611 0.144624889
3.81610227 0.162910029
3.68819952 0.165027961
3.66158342 0.131691068
3.82129765 -0.0820658281
3.66755772 0.147012383
4.92652845 4.20106125
4.92060661 4.22506762
4.92761803 4.04254341
4.9184618 4.15265942
4.84951782 4.43747997
4.75413656 4.40307522
4.88546228 4.25026274
4.75642395 4.36908102
3.49150872 0.155635938
3.48389482 0.310423106
3.53858995 0.158429757
3.5783565 0.170049578
3.30040669 0.14435932
3.36236048 0.311136067
3.33762336 0.155000895
3.33429623 0.298679411
4.30883789 3.96664834
4.26269436 3.95117784
4.29401588 3.81841063
4.34538364 3.88188028
4.12428522 4.09275484
4.15220356 4.12926245
4.10198402 3.94085217
4.13771439 4.0767231
4.08348894 0.462889671
4.05342627 0.484986424
4.21695328 0.309024155
4.13868332 0.353230089
3.96798348 -0.0302001908
3.96909642 0.237981141
3.97887063 -0.0111368075
3.9241643 0.3029387
4.93021297 4.28118801
4.99400043 4.37495327
4.9908638 4.12120581
4.93369007 4.2463994
4.9261055 4.61917734
4.93309736 4.62336206
4.95072508 4.52484274
4.89756393 4.45310926
3.40747309 0.950386286
3.32817101 0.979750395
3.4886775 0.948519588
3.48187017 0.957617879
3.32227302 0.962087512
3.20587468 1.10325968
3.33344626 0.959044039
3.30916882 1.10550714
4.27440214 4.76268482
4.27326107 4.77573347
4.35794115 4.61551809
4.32395267 4.49903107
4.1223526 4.92871904
4.02588034 4.92388725
4.15943909 4.82183456
4.11801577 4.76008749
4.35489225 1.32896948
4.23935604 1.38424385
4.31648684 1.17500651
4.34437466 1.26438475
4.17180347 1.39639246
4.19419479 1.41293705
4.2919445 1.30157566
4.24662924 1.43851626
4.97738409 4.93133068
5 4.93906736
5 4.66499567
5 4.78040552
4.95467997 4.9972682
4.86269951 4.99804497
4.95101213 4.99008894
4.95968103 4.99391174
3.78366876 1.14292479
3.71704149 1.21600652
3.684443 1.11043441
3.74205184 1.11602211
3.49004984 1.12994921
3.47982335 1.1210357
3.48366761 1.09627461
3.5440619 1.04554725
4.4852314 4.99845791
4.55730915 5
4.52668095 4.74485159
4.6247921 4.94040775
4.27991629 4.9973278
4.29745007 5
4.39162827 4.96044922
4.44683027 4.99943829
4.52190495 1.59282529
4.50757122 1.60100031
4.60117102 1.29912961
4.59690142 1.42530155
4.30308056 1.49561536
4.29260015 1.55073845
4.3792696 1.37119079
4.33289051 1.4314698
5 4.92083454
4.99320936 4.99967194
4.99745512 4.77248764
5 4.90376806
4.96999121 4.99724817
4.92695904 5
4.99835396 4.98556137
5 5
3.3327651 0.472464412
3.34455872 0.476989895
3.47287726 0.448566496
3.49347186 0.473943681
3.21866822 0.78611666
3.24400902 0.934152603
3.31544471 0.784845471
3.31546187 0.79850626
4.18233728 4.59894371
4.09208775 4.67009544
4.16884708 4.59295797
4.22272205 4.61343193
3.90322757 4.70458126
3.81999087 4.73247337
4.02726936 4.61237574
4.09892607 4.75527859
4.25249767 0.482017875
4.31025887 0.471595645
4.15427828 0.48045072
4.19972849 0.499882489
3.90839553 1.05908823
3.9019959 1.10840428
4.03923893 0.8561607
3.89517713 0.962931395
4.99405622 4.77057886
4.92486715 4.92608213
4.97591019 4.74687099
4.9444437 4.76169014
4.86260986 4.9159708
4.78453398 4.99577999
4.97929907 4.82097149
4.89094162 4.88834143
3.6250062 0.623821855
3.65588117 0.638056695
3.59907103 0.552571297
3.59128594 0.633925736
3.42541909 0.927167296
3.40764761 0.953907669
3.48657179 0.794206798
3.50491047 0.929426968
4.30557346 4.77445221
4.33235884 4.79241657
4.3559947 4.62551689
4.45082283 4.76099491
4.15595007 4.90970087
4.12677574 4.9281435
4.15720224 4.76365709
4.17538643 4.91697502
4.29924583 0.621528625
4.31019306 0.727721751
4.44385576 0.574920416
4.32212973 0.674228132
4.14946985 1.13433552
4.1903162 1.10389805
4.23136044 0.961344481
4.18383503 1.08554232
4.92220306 4.91779232
4.90694904 4.92404413
5 4.741467
4.99855995 4.78975201
4.95123863 4.99973536
4.92436028 5
4.96695137 4.88208818
5 4.94570255
