# Learned LUT: two drive values [V] per row, before pulse shaping and DAC.
# Row index 0..1023: MSB-first [b0[k-2]..b0[k+2], b1[k-2]..b1[k+2]].
-0.0311819278 -0.0234337803
-0.15192388 0.124625586
0.155190513 -0.100629114
-0.0118903518 -0.0200979095
-0.255570173 -0.184266821
-0.390690953 -0.233417183
-0.175716847 -0.48139742
-0.231604055 -0.633012652
0.508481681 2.87003899
0.42481333 3.0181818
0.678206742 2.73938799
0.622013569 2.80777764
0.15831925 3.49184537
0.153519988 3.61067939
0.317506373 3.33826375
0.149011448 3.2509079
0.504662931 -0.147454306
0.38739273 -0.143904641
0.65229547 -0.328630775
0.611781836 -0.158183575
0.287679046 -0.651339412
0.15821439 -0.524409652
0.426899403 -0.844070435
0.371380717 -0.818313539
1.61100841 3.64736962
1.58612919 3.77472329
1.74475229 3.27665949
1.7460283 3.52059698
1.73493385 3.91296244
1.58796811 3.99179792
1.7846607 3.80155349
1.75182223 3.85799718
-0.0581742302 0.255271405
-0.14883323 0.296280712
0.117671676 0.0201430116
0.00138342276 0.144106388
-0.158689976 -0.130205765
-0.31833753 0.014455446
-0.133470312 -0.332960397
-0.172338933 -0.142271176
0.521112919 3.10682225
0.466140836 3.27960253
0.753856003 2.86856937
0.630593479 3.05205417
0.298731625 3.49904847
0.163144812 3.80982208
0.347654045 3.34013653
0.309883505 3.63864541
0.512098551 0.160277039
0.458212346 0.148969591
0.628720045 -0.125296146
0.598626673 -0.00507981423
0.314762294 -0.462414622
0.147937626 -0.337811023
0.465766251 -0.631485939
0.296808004 -0.47876057
1.72287595 3.70207405
1.61033988 3.99144053
1.75588799 3.28976011
1.75202346 3.67169261
1.74233985 4.00097132
1.60741663 4.11859274
1.82218492 3.90914392
1.74342453 3.99948978
-0.178576156 -0.157644436
-0.3172144 -0.135178387
0.00425938843 -0.230286688
-0.139260158 -0.151534483
-0.32503444 -0.317162156
-0.4369196 -0.290046006
-0.216236517 -0.333242953
-0.324915498 -0.177577063
0.351520956 2.87530184
0.302391768 3.03612328
0.639579475 2.65353775
0.445803314 2.8731668
0.278275549 3.16222286
0.161425546 3.43681121
0.311114848 3.1360507
0.314168751 3.24276638
0.466407835 -0.301763713
0.353063941 -0.160437912
0.628257453 -0.444734365
0.468320787 -0.321253449
0.240959778 -0.627705634
0.162456885 -0.634989083
0.307890385 -0.793144107
0.298291266 -0.478253186
1.5870111 3.36204648
1.52604866 3.51650572
1.6761564 3.16704869
1.58757937 3.33066797
1.58986795 3.69189215
1.44387746 3.79392123
1.74523079 3.54899836
1.60717142 3.63600326
-0.167871788 -0.0196141079
-0.259507954 0.12129917
-0.00486490689 -0.092772536
-0.121433064 -0.0508706011
-0.295764118 -0.308570296
-0.379484624 -0.0750124305
-0.165587872 -0.271893442
-0.29830575 -0.0773884058
0.615409911 2.9852705
0.378971547 3.19163036
0.618478239 2.81481123
0.462305099 3.05284047
0.346272081 3.21053314
0.217890412 3.60434151
0.386110991 3.273592
0.179882109 3.5037868
0.47636801 -0.0291786231
0.314402461 0.00219343021
0.628146112 -0.34142071
0.477514207 -0.179632589
0.312283188 -0.619248629
0.149572864 -0.358011425
0.387097776 -0.803741097
0.315340638 -0.476735681
1.58716273 3.48265409
1.58181322 3.6933167
1.62609756 3.20901108
1.60097408 3.4725666
1.58162677 3.90637636
1.57593524 3.91308761
1.74612963 3.68230534
1.74441266 3.77324605
-0.133712783 0.700290442
-0.159511358 0.764218271
0.077110365 0.614368975
0.0103665395 0.767177045
-0.287669271 0.76926595
-0.447785974 0.808922946
-0.227144271 0.804607987
-0.490113258 0.991720259
0.62552315 3.90681791
0.618894696 3.94496727
0.801817298 3.8015604
0.636735499 3.77106261
0.268107295 3.94974041
0.190933198 4.11786366
0.321586549 3.92303944
0.209376723 3.99364614
0.450701028 0.541691899
0.308291107 0.62416625
0.654132903 0.257717013
0.493891478 0.489287645
0.200534478 0.660265565
0.169379056 0.610126734
0.322204322 0.658515632
0.180792093 0.956373751
1.52121401 4.13324356
1.41167355 4.36878729
1.58367765 3.93330455
1.59407163 4.00329781
1.26666498 4.38177681
1.0978806 4.53451061
1.26609862 4.2852459
1.26799428 4.46585798
-0.159049183 0.921699405
-0.177363604 0.95364219
0.155708998 0.737248361
0.0206727404 0.778075397
-0.255837381 0.790271699
-0.354829848 0.9267658
-0.154304251 0.799260259
-0.296562999 0.809185266
0.621947944 3.90463924
0.628934681 4.16496515
0.814507842 3.79006958
0.80825597 4.09287882
0.388558894 4.13463545
0.249823749 4.18934727
0.46933654 3.94797444
0.354608566 4.15974665
0.304898769 0.790259421
0.337041765 0.784829021
0.63517803 0.40680179
0.605926752 0.537227273
0.261314243 0.760468304
0.154418096 0.777095556
0.428028107 0.643226981
0.327129364 0.782019854
1.58513677 4.23624992
1.43667805 4.45744801
1.70288777 3.90453196
1.58725667 4.25937128
1.26500738 4.34397888
1.27220082 4.48790026
1.41949499 4.29701424
1.33137691 4.32772636
-0.175063014 0.171528682
-0.244176254 0.2723656
-0.00453457981 0.150464922
-0.156608582 0.283433348
-0.317991078 0.51133877
-0.434813231 0.604034424
-0.169835985 0.468010366
-0.331998259 0.627740145
0.79526639 3.9970243
0.626959801 4.07242489
0.901165009 3.96523905
0.855385661 4.1364665
0.225405023 3.8435638
0.180394858 4.00055742
0.329201669 3.6776638
0.195643634 3.87389207
0.309243381 0.156484693
0.305162549 0.160936728
0.483511984 0.0423360355
0.441945404 0.163930058
0.144793034 0.48434788
0.114751644 0.461155713
0.348965555 0.424379051
0.159363285 0.609774828
1.58801997 4.30906868
1.44253278 4.55578279
1.5989145 4.2134037
1.58445275 4.30380392
1.26076055 4.27890539
1.13363326 4.30957794
1.39678478 4.07150984
1.27499545 4.27830172
-0.121586658 0.160672531
-0.148467332 0.314811409
-0.000225700656 0.173719928
-0.020996958 0.317523599
-0.268705338 0.509410799
-0.340830237 0.645865023
-0.139886618 0.589601874
-0.289209366 0.622549713
1.10765493 4.2860136
0.867285252 4.28574181
0.908692181 3.9927485
0.798380971 4.13888502
0.452815175 4.10835266
0.285847902 4.24533081
0.474804312 3.94408202
0.349960923 4.00584984
0.41317907 0.143670648
0.313011646 0.160461813
0.633855581 0.0029199291
0.478978306 0.0877519473
0.25922361 0.305503368
0.155237928 0.476485521
0.42411384 0.357557595
0.287847191 0.462209165
1.73912156 4.45100117
1.5864687 4.45460939
1.60407352 4.0298562
1.58437932 4.38627958
1.27509522 4.3873148
1.2720691 4.45648193
1.39296782 4.12867832
1.32490551 4.38742304
3.1895721 0.707481444
3.25250745 0.769244373
3.34210062 0.646233082
3.29325175 0.623814166
3.02861142 0.424593002
3.02788019 0.47638151
3.17716074 0.0211405307
3.05357742 -0.0608755387
4.03742552 3.96742892
4.08341694 3.86214995
4.10992765 3.62517309
4.09540558 3.57917809
3.92487264 4.08776093
3.93940639 4.32447958
4.06770039 4.05836487
3.97209644 3.90546465
4.07648087 0.799559891
4.06206703 0.852119982
4.15949821 0.632694006
4.12925863 0.693855941
3.83930802 0.415922225
3.84942007 0.458319336
3.9535048 0.115425333
3.99316359 0.0693502352
4.9201088 4.31526184
4.86784697 4.44385576
4.96157312 4.04796362
4.9955492 4.03293657
4.76590538 4.58790302
4.70019102 4.76757908
4.91692734 4.36375189
4.76856709 4.11001348
3.47068834 0.946637809
3.6284101 0.952790737
3.65084577 0.800481856
3.629251 0.935874045
3.22110534 0.636136353
3.31034708 0.791470587
3.35280418 0.38911882
3.38992715 0.555633485
4.27723694 4.09339619
4.29558945 4.26518011
4.36819172 3.86001611
4.44574881 4.09503078
4.13706827 4.29884386
4.135499 4.49171352
4.28843069 4.15165377
4.30072689 4.43682861
4.27270889 1.04616141
4.28985167 1.09841549
4.27941036 0.774119258
4.33791065 0.936400056
4.11997843 0.640402019
4.08640957 0.745642245
4.04595566 0.326007664
4.01636219 0.510050476
4.94019222 4.4367795
4.95053864 4.60918665
4.99652958 4.13691187
4.99625254 4.44429493
4.76143837 4.7193284
4.76678896 4.83281898
4.92829704 4.42899656
4.91912413 4.75604296
3.04355526 0.437169313
3.0335722 0.459139109
3.01221347 0.301511198
2.99377346 0.428546667
2.86491656 0.320385456
2.74873829 0.292918712
2.81091642 0.144446179
2.68783164 0.31933403
3.94539046 3.80555344
3.83706665 3.9608736
3.86568046 3.62141132
3.92395258 3.81283784
3.67394781 4.05616713
3.70835876 4.12232828
3.76678371 3.84712577
3.70416403 4.11156654
3.89306974 0.534378946
3.95110965 0.577920794
3.95432568 0.477493495
3.8639195 0.473899245
3.65679145 0.382309049
3.66172647 0.45650506
3.80191946 0.187941372
3.67727232 0.359561116
4.77029133 4.16034555
4.76811457 4.37078714
4.84617758 3.97367859
4.71446514 4.12497187
4.75412512 4.38921642
4.61303139 4.44613314
4.77328491 4.23893213
4.64514017 4.41972113
3.18287683 0.508346915
3.31722856 0.635669649
3.33803535 0.473178864
3.31579518 0.476219535
2.99960876 0.185409546
3.05339646 0.46051982
3.10464048 0.330626488
3.15981221 0.464861661
4.09127331 3.99450803
4.13505268 4.1255188
4.14421415 3.79468083
4.20322323 3.913234
3.96469474 4.0245676
4.11455679 4.27495623
4.08502579 3.98334002
4.05862474 4.27565384
3.95289326 0.731945515
4.06904697 0.792172372
4.09913206 0.518705368
4.11330271 0.643273771
3.88180661 0.297549784
3.85284448 0.6164428
3.96361375 0.256760299
3.92228699 0.478270561
4.7623744 4.28118181
4.86461926 4.45580244
4.91605043 4.0160532
4.92222404 4.29973984
4.75616407 4.48766232
4.78930616 4.60847855
4.86327791 4.2644105
4.81169987 4.4961772
3.34675121 1.29091752
3.13862705 1.44035375
3.31376553 1.28790534
3.26339579 1.2837559
3.04697633 1.2722497
2.95108962 1.43654096
3.17754245 1.27571452
2.85743785 1.43935275
4.24677277 4.77577782
4.2518487 4.74727917
4.36473513 4.53424311
4.27463245 4.5686059
4.10489893 4.92986917
4.02573156 4.97759056
4.17349291 4.77741337
4.08890343 4.68764496
4.14988136 1.43385577
4.2300086 1.44917214
4.27301979 1.27855492
4.30764103 1.41813028
4.14513493 1.58664584
4.120121 1.58345938
4.15962744 1.58081174
4.13611364 1.62589252
4.98514891 4.97980213
4.92192364 4.99948788
4.9949379 4.82805824
4.99972153 4.91785336
4.66526651 4.99993181
4.66704464 5
4.93297672 4.99719572
4.80389929 4.99615955
3.64136386 1.55005336
3.63631582 1.5837332
3.67244411 1.40720665
3.75843191 1.43805313
3.32939005 1.51869166
3.37889886 1.60227191
3.44482684 1.42439473
3.42930532 1.44135702
4.41757679 4.9414072
4.52777243 4.97667217
4.59938574 4.6417017
4.60120583 4.90844154
4.37796164 4.98714304
4.30947256 5
4.44938564 4.76319551
4.49113226 4.9767127
4.26390314 1.58540356
4.29791498 1.71668959
4.46051836 1.39842665
4.52535534 1.43970847
4.19096947 1.74536657
4.22044134 1.74965096
4.29820824 1.6031096
4.29984426 1.73940825
5 4.98546124
4.9946146 4.99960613
4.99995327 4.80764484
5 4.98875809
4.78907967 4.99939299
4.75907898 4.99932671
4.92390442 5
4.89552164 5
3.17293382 0.764951408
3.04627323 0.790914297
3.22448826 0.662103236
3.0563724 0.786504805
2.85511684 1.10907662
2.68640518 1.11413336
2.99201107 1.11220419
2.91478562 1.11801755
4.12007523 4.75617981
4.09134579 4.79504919
4.156528 4.60127354
4.04234409 4.8000412
3.91586876 4.76187897
3.80352044 4.8539052
4.01832008 4.6952405
3.93490028 4.76430273
4.04391193 0.637883544
4.02432013 0.638468146
4.19090271 0.647184312
4.12919903 0.618146122
3.96594763 1.26311231
3.95388794 1.33495796
4.11374807 1.2719034
3.99501777 1.27790725
4.9474659 4.92231846
4.8243084 4.9948535
5 4.78989887
4.81834173 4.92481899
4.71382952 4.92612886
4.63021708 4.97833347
4.75947857 4.83472013
4.77231836 4.94257784
3.4706037 0.796128511
3.5998342 0.964211404
3.49965596 0.787626266
3.46679115 0.862187922
3.17757273 1.17418861
3.09251213 1.29348254
3.27842808 1.13892245
3.17650247 1.26158369
4.46182299 4.99281406
4.26350641 4.99915409
4.41914892 4.67557192
4.30065489 4.88323784
4.20278645 4.98242331
4.12249517 5
4.27257586 4.72625828
4.21938515 4.89267874
4.12892866 0.770423889
4.22076607 0.796111166
4.25677967 0.760065794
4.27994061 0.790855527
4.12111092 1.41179085
4.10407114 1.42308235
4.16502666 1.34940124
4.13552475 1.43005347
4.77807236 4.99977684
4.78137493 4.99993563
5 4.8189044
4.96730995 4.94447231
4.75318289 4.99806118
4.65432024 5
4.88547039 4.90632534
4.82595062 4.98552847
-0.0171193015 -0.157239214
-0.154984608 -0.145073384
0.144500703 -0.336942017
0.081697233 -0.245466307
-0.243138209 -0.413233906
-0.309371203 -0.35578391
-0.0884909108 -0.806359231
-0.158931062 -0.828389704
0.477230728 2.92744708
0.472635984 2.88200235
0.711154222 2.69153857
0.637905598 2.67115855
0.32243076 3.43055511
0.319998592 3.55102873
0.472896963 3.27350736
0.328435838 3.46684098
0.652029157 -0.15834491
0.633391023 -0.188089579
0.935033441 -0.351482183
0.780150712 -0.210892364
0.457175016 -0.791528642
0.319653153 -0.724139035
0.588824391 -1.1260221
0.470528156 -1.10483456
1.42017019 3.44426775
1.28221977 3.56303215
1.58214426 3.21466041
1.44916058 3.37597489
1.25491691 3.80891395
1.18550503 3.9635787
1.42680156 3.9748137
1.29731166 3.96839619
-0.0309435837 0.0209356062
-0.165026993 0.133206263
0.144989416 -0.157471389
0.000232951614 0.0251227207
-0.161917791 -0.185664043
-0.225076452 -0.202642918
-0.0899584219 -0.482786208
-0.157399133 -0.321770549
0.49288699 3.02041149
0.4565157 3.15588021
0.749352753 2.83102036
0.618946671 3.05199337
0.318735242 3.62879086
0.32493192 3.6633172
0.470645547 3.46279621
0.45319891 3.69118047
0.639109731 0.0145473024
0.599267244 -0.0186831485
0.938186884 -0.306085497
0.792086363 -0.140718579
0.475575119 -0.549429953
0.318063289 -0.48514837
0.630089164 -0.905944765
0.49317494 -0.737377703
1.41000974 3.60287142
1.41574073 3.71715689
1.58242023 3.3543582
1.55386055 3.54089403
1.34941363 3.97996449
1.26494062 4.01594114
1.46499574 4.12277842
1.372967 4.01922369
-0.158161759 -0.352102786
-0.324049294 -0.318677098
0.010211003 -0.474648088
-0.166733131 -0.355058491
-0.3115969 -0.337400824
-0.389070183 -0.385559857
-0.164392784 -0.496521443
-0.351005763 -0.331747741
0.326353967 2.83359623
0.343576401 2.84669876
0.515986145 2.61850047
0.372271746 2.69381762
0.280356675 3.36308503
0.201230392 3.33170366
0.346992075 3.08497906
0.260975897 3.22393298
0.533560514 -0.32855159
0.471212566 -0.320486933
0.660188317 -0.51469475
0.634889841 -0.475400239
0.369200408 -0.657994688
0.291260421 -0.657186568
0.491686374 -0.806410015
0.360377759 -0.576361537
1.27526999 3.28823566
1.21790802 3.33897042
1.42835999 3.08141828
1.40747821 3.18194962
1.28669667 3.63814735
1.11899734 3.72946954
1.3079555 3.52501607
1.2745949 3.59485769
-0.0963007733 -0.213290334
-0.160081983 -0.16719383
0.0983197764 -0.322325498
0.00571999326 -0.30951187
-0.172792822 -0.464858323
-0.330363601 -0.234026507
-0.154767096 -0.348675162
-0.314929396 -0.207944065
0.523349524 3.00651693
0.462992936 3.03155756
0.536361516 2.69442296
0.475173533 2.86595917
0.475708306 3.31661034
0.300190032 3.47553611
0.456110895 3.29157639
0.31227684 3.41801834
0.633763373 -0.161824077
0.451705247 -0.151670411
0.800570846 -0.445755869
0.631771386 -0.307662845
0.415610254 -0.768376946
0.311415821 -0.471300215
0.6139853 -0.819120049
0.445251465 -0.64485836
1.44186473 3.48667598
1.27225506 3.63404965
1.40730929 3.2607832
1.42727411 3.32433081
1.27028942 3.80959272
1.20301938 3.80298591
1.40649247 3.65418172
1.36110008 3.70033431
-0.178639904 0.472759783
-0.324951798 0.469241947
-0.0490255058 0.324923038
-0.0921546146 0.468738824
-0.318643808 0.501040816
-0.334369302 0.61633867
-0.269834518 0.625664115
-0.634867251 0.761766851
0.556328058 3.80227971
0.486244798 3.91091657
0.692437232 3.6486361
0.659101009 3.65083313
0.238746971 3.90272737
0.230738565 4.08295727
0.1857149 3.86446381
0.00635800837 3.90620613
0.512094855 0.572754085
0.457006514 0.483671755
0.669280529 0.477449954
0.629125416 0.502148211
0.269888073 0.635163844
0.206217915 0.550572515
0.342382401 0.616235971
0.150602117 0.830049515
1.4196378 4.12190676
1.40988076 4.29190779
1.5561235 3.91901827
1.45881522 3.98658586
1.00806046 4.29245424
0.965288937 4.3278265
1.1055454 4.12838221
0.966976404 4.19616222
-0.160323367 0.632047951
-0.260606766 0.62820977
0.0780522674 0.470839381
-0.00765166944 0.486475617
-0.185030445 0.626752794
-0.334567219 0.646088004
-0.174485818 0.623600781
-0.317611754 0.617169142
0.482244998 4.01076698
0.508396745 4.14235973
0.793991566 3.74932289
0.655440211 3.97049546
0.330130368 3.9652431
0.209138796 4.20907927
0.232342899 3.88901567
0.13282606 3.96959209
0.486997873 0.639125049
0.46584633 0.66909641
0.782510161 0.484147966
0.635634303 0.439174056
0.304170698 0.635909498
0.291874647 0.646580875
0.472560644 0.597855806
0.311022788 0.625165224
1.47806621 4.32678556
1.42608035 4.38422394
1.59418559 4.04152632
1.58456445 4.21322966
1.0970633 4.32553434
1.10291719 4.34072685
1.10190678 4.28415775
1.10390329 4.29549885
-0.309419781 -0.0822217464
-0.318296432 -0.00765952608
-0.162978813 -0.13602066
-0.333058536 -0.0120309899
-0.306438595 0.308092713
-0.451993287 0.337217301
-0.267821908 0.308625996
-0.478078574 0.308402896
0.639365852 3.8599484
0.40432629 3.91743398
0.792305052 3.80899143
0.729633272 3.86619925
0.183979496 3.79338002
0.161448777 3.87716866
0.308460504 3.60905457
0.00640857639 3.74675488
0.467083365 -0.0845443159
0.376709849 -0.017915139
0.630974233 -0.13354744
0.483418554 -0.0154011259
0.0842910483 0.467612088
0.136621594 0.412907243
0.336819798 0.320864201
0.159772217 0.485785812
1.5169096 4.1337719
1.3562814 4.25302267
1.58731043 3.96561766
1.59231734 4.13010597
1.04335034 4.16748524
0.951103628 4.16092491
1.14465654 3.98252678
1.08715069 4.09479523
-0.159603074 -0.028832091
-0.320097655 0.0117812771
-0.0232037995 -0.00281070196
-0.0551495813 0.0216413885
-0.14656055 0.316696703
-0.313779056 0.439988256
-0.163127676 0.336888373
-0.268274426 0.455844074
1.12554502 4.11506033
0.79093641 4.12972879
0.806215942 3.91876411
0.704713643 3.96929884
0.4785541 3.83862495
0.305376828 4.00345325
0.458510458 3.71765161
0.319734931 3.90911031
0.477873355 -0.0152324904
0.4835518 -0.0173980724
0.639960885 -0.132453173
0.535545766 -0.00306785898
0.296908855 0.340902984
0.23370862 0.298754275
0.465485424 0.321979463
0.289417028 0.357368171
1.74612367 4.25223923
1.59009922 4.28721094
1.58073413 4.13914204
1.59493983 4.13301229
1.104056 4.26058865
1.07198441 4.28664351
1.27127719 4.06423616
1.11174774 4.21204805
3.42891526 0.377141565
3.36223125 0.460718602
3.50190353 0.267213255
3.50434899 0.294932991
3.06098628 0.0503961854
3.06284833 -0.000898303522
3.17487478 -0.195150331
3.11766315 -0.32203126
4.22930527 3.89533591
4.13602304 3.96815372
4.23923016 3.66861796
4.2723732 3.64620328
3.98896575 4.11512899
4.0205884 4.17223978
4.10759926 3.73763514
4.12143135 3.6678822
4.16559839 0.556634545
4.14681625 0.589770496
4.29027557 0.312861532
4.42596245 0.4666785
3.79024076 0.154547095
3.94226027 0.0335359052
4.09609795 -0.306382239
4.0874052 -0.203098446
4.97370625 4.13948202
4.96516848 4.34707737
4.99189663 3.95811057
5 4.13874435
4.81709146 4.46346426
4.77335691 4.59350157
4.99398088 4.30717182
4.95652771 4.4763875
3.66062713 0.621593773
3.80370378 0.6453017
3.65533376 0.469589293
3.80540681 0.474211246
3.33067799 0.333934963
3.32528901 0.431752652
3.3455224 0.156870201
3.42245483 0.311355948
4.38711548 4.07881212
4.38144398 4.1422348
4.43786716 3.88141179
4.48034668 3.99102664
4.22361708 4.28653622
4.2822299 4.44627237
4.28706312 4.0937109
4.3502059 4.28785372
4.43969679 0.749581516
4.43077135 0.799653769
4.34522676 0.460067868
4.35453558 0.619511366
4.11873913 0.254082322
4.12178516 0.495971084
4.05101252 -0.00767667592
4.07164335 0.166711062
4.99145222 4.18509245
4.99920034 4.43753576
4.99398136 4.06465387
5 4.22092581
4.92105913 4.58006096
4.89103794 4.63630056
4.99790287 4.40487862
4.9748311 4.51899958
3.33321619 0.0892805234
3.25028658 0.164985552
3.34214163 0.00762520777
3.34627438 0.0748397335
2.94240475 0.0426955223
2.89967728 -0.0276147779
3.03527761 -0.0813661218
2.84139919 0.0163858328
4.14601851 3.7207737
4.00810957 3.80964136
4.04944372 3.50180364
4.11848974 3.65567732
3.96370339 3.90818739
3.80908394 3.96097684
3.94201517 3.74650574
3.91699362 3.82486868
3.95721769 0.319366336
3.85441852 0.316609263
3.94771576 0.153811887
3.86970973 0.139218643
3.73440361 0.0328144655
3.71898174 0.0939510018
3.70286703 -0.152752504
3.62979412 -0.000317592116
4.77775526 3.96628618
4.77202749 4.0982089
4.77108669 3.76815653
4.68567753 3.92254472
4.70340729 4.28553915
4.70893145 4.34183502
4.67293453 4.11675024
4.60587597 4.28899479
3.50906444 0.150305092
3.4992311 0.304920942
3.48605442 0.0595281944
3.62008405 0.165456265
3.19520378 -0.0210464615
3.23538065 0.15721482
3.23003459 -0.116036393
3.32483816 0.138355941
4.30927324 3.87302303
4.27242422 3.95302081
4.16850042 3.67533588
4.32831621 3.81381679
4.14532614 4.07843113
4.12702608 4.12598324
4.01150608 3.89591312
4.12807512 3.99960756
4.03363085 0.474259287
4.09631538 0.460950732
4.27902222 0.191701099
4.11912012 0.314963847
3.99124432 -0.0751666203
3.9541595 0.181855708
4.01660204 -0.149236962
3.94164014 0.168094292
4.79403973 4.11905241
4.89527035 4.1695013
4.8116107 3.82961249
4.76064396 3.97395158
4.8465147 4.5120945
4.8114481 4.48573923
4.82591152 4.36989546
4.74675083 4.36894846
3.50562668 0.950543523
3.52410841 0.981272638
3.60409904 0.871383369
3.60033751 0.948820591
3.30366135 0.963384748
3.16267395 0.955333292
3.35354567 0.954766095
3.19275117 1.02339971
4.28607798 4.76212454
4.29525709 4.76976967
4.43423367 4.59251547
4.42869663 4.52465343
4.27249908 4.91812611
4.10862398 4.96329355
4.16972494 4.76350594
4.11046934 4.75507593
4.33031464 1.26095796
4.23455191 1.32108688
4.32167625 1.11038554
4.36004782 1.13454247
4.1224494 1.26918268
4.21004629 1.2841785
4.20237398 1.26920927
4.09271908 1.43955779
4.99898243 4.89765453
5 4.92493391
5 4.60924435
5 4.70421124
4.88469219 4.95188665
4.74591827 4.99593639
4.88631248 4.91383886
4.9382658 4.93153715
3.93713355 1.13566363
3.86336231 1.15860713
3.88229537 0.95572108
3.85179567 1.04715145
3.49523282 1.11788237
3.49281716 1.12893975
3.47499466 1.06835306
3.50981164 1.02852392
4.51038074 4.9685812
4.500741 4.97960663
4.55978537 4.71201468
4.69442415 4.92462969
4.36208391 4.98995733
4.29177666 5
4.41400385 4.90327024
4.44874716 4.99732351
4.37460375 1.5011462
4.46580029 1.49700105
4.51896095 1.26591825
4.58639097 1.26371634
4.25580502 1.43026674
4.28358507 1.44853032
4.33186483 1.25995207
4.30249262 1.41751099
5 4.85624266
4.99929762 4.99256849
4.99421549 4.77652884
5 4.79936647
4.97312164 4.97342634
4.92811823 5
5 4.94052267
4.99563074 5
3.39671564 0.463228822
3.47995138 0.479048878
3.47386861 0.318661451
3.52204132 0.452088475
3.18503213 0.779184699
3.0853672 0.811741531
3.26370335 0.679263353
3.17668605 0.793789148
4.27954578 4.59821939
4.13557577 4.60457754
4.29769611 4.48042488
4.245718 4.61495781
3.96802783 4.67826605
3.83868909 4.74106598
4.12445879 4.60943651
4.14441919 4.75796366
4.21339655 0.617097437
4.22608995 0.604451001
4.17543602 0.443978101
4.25670815 0.456124872
3.94673109 1.06938004
3.92930007 1.10976136
3.98503757 0.940110207
3.88964915 1.11044419
4.93061733 4.68510962
4.8190732 4.7621994
4.94629002 4.61810589
4.9299736 4.670084
4.62624931 4.76066589
4.6911931 4.91392756
4.85019922 4.7077198
4.74857569 4.7539506
3.64022183 0.607793212
3.81635308 0.649191856
3.63407683 0.478699088
3.72871852 0.532240331
3.46221161 0.894602358
3.34505415 0.952741683
3.4737432 0.789505661
3.49798107 0.796462893
4.39831638 4.76826429
4.43540049 4.88779116
4.43840504 4.58687258
4.45852423 4.75197697
4.25585365 4.77947187
4.2350769 4.91174221
4.25882435 4.76732731
4.2957778 4.90281773
4.27428961 0.632669568
4.29540968 0.782799125
4.3331151 0.476563752
4.33679724 0.629168153
4.13137197 1.1427865
4.15120745 1.15727675
4.26672792 0.983491421
4.16188335 1.11104691
4.8305912 4.79315758
4.88079882 4.92246437
4.98073769 4.60701036
4.99324179 4.76476192
4.86332798 4.96402693
4.85753393 4.98672628
4.92178631 4.75141239
4.90390348 4.90761471
