# Learned LUT: two drive values [V] per row, before pulse shaping and DAC.
# Row index 0..1023: MSB-first [b0[k-2]..b0[k+2], b1[k-2]..b1[k+2]].
-0.100138769 -0.0189063046
-0.173911676 0.138027623
0.141800612 -0.116374202
0.0247378126 -0.151474625
-0.159435198 -0.231228948
-0.354757071 -0.165699035
-0.153408125 -0.562432587
-0.160752684 -0.632195652
0.530578136 2.93023992
0.478459269 3.05156803
0.800487578 2.81474257
0.771864295 2.84443188
0.320379555 3.47070074
0.150128186 3.65445709
0.399296403 3.31331015
0.289781034 3.22924876
0.476194173 -0.194215149
0.45802477 -0.165597826
0.663127661 -0.332262307
0.616796374 -0.294246018
0.280364931 -0.811391234
0.169259697 -0.65712136
0.461416513 -1.04672813
0.32788977 -0.979412913
1.73929119 3.64010048
1.6066016 3.82430816
1.75652063 3.09901977
1.75489473 3.41634321
1.74433005 3.81971359
1.61625409 3.979357
1.90776479 3.82102633
1.78805661 3.89636588
-0.0155838747 0.235630304
-0.144861266 0.287834316
0.148906812 0.134480789
0.0111011257 0.16276823
-0.166814029 -0.0167662334
-0.304599583 0.0249975119
-0.0224490464 -0.312277347
-0.152792051 -0.127599657
0.631197214 3.12043452
0.522051573 3.30128407
0.808151424 3.00378466
0.665490866 3.10091567
0.40263024 3.49933887
0.303513169 3.75982642
0.479036748 3.35421801
0.475890756 3.66297197
0.500573456 0.150232568
0.482602566 0.1086732
0.651702762 -0.165426001
0.625059724 -0.161896601
0.318593442 -0.526491225
0.149182722 -0.475876629
0.462853611 -0.745363057
0.300962687 -0.637139082
1.7329303 3.79978704
1.73336744 3.98547316
1.86465311 3.17934871
1.76714694 3.65288877
1.74459171 3.99679708
1.65992415 4.11165953
1.90732598 3.95986581
1.74557018 4.10850763
-0.197388798 -0.15114218
-0.301827967 -0.089079015
-0.013987951 -0.175110832
-0.146574795 -0.143899888
-0.325773627 -0.178862348
-0.377506018 -0.22115621
-0.218266696 -0.206170768
-0.32312265 -0.155899361
0.498149335 3.01601958
0.307466894 3.13514519
0.627121568 2.82834673
0.540466726 2.98273468
0.317578375 3.19819117
0.250369102 3.36539054
0.387209326 3.14784908
0.324880213 3.33094287
0.444943875 -0.3159796
0.404659539 -0.284798115
0.635657847 -0.477628827
0.461283356 -0.325188369
0.161389992 -0.644811213
0.153457105 -0.695322812
0.330650985 -0.775407255
0.234168068 -0.478533596
1.58942878 3.48001599
1.58549881 3.54530931
1.74572241 3.29039073
1.59950113 3.43399882
1.59689498 3.6539855
1.56143463 3.70481515
1.74172711 3.49248052
1.59234989 3.62262535
-0.159448475 -0.00893670414
-0.257970124 0.117465205
-0.00340629253 -0.00847846549
-0.124225929 -0.0292422548
-0.317456365 -0.326460153
-0.37486583 -0.118620344
-0.156170309 -0.155293524
-0.32287541 0.00283879531
0.629931569 3.07336617
0.469552994 3.33349872
0.639270306 2.97513247
0.524766028 3.18543363
0.477708369 3.19227982
0.323032141 3.53517461
0.478704721 3.2446599
0.28667593 3.43221998
0.487417519 -0.0606307946
0.29799673 -0.0239742529
0.634816647 -0.413536251
0.527586877 -0.252464175
0.320860684 -0.760285199
0.15222384 -0.501271725
0.393996716 -0.789381742
0.318860918 -0.47403115
1.68474865 3.59061885
1.58345926 3.71384406
1.74529445 3.34103084
1.74600399 3.50884175
1.59003973 3.93720388
1.58961892 3.84465742
1.74811256 3.64514422
1.73848379 3.75511551
-0.138010159 0.744713068
-0.15941985 0.727760375
0.0120241884 0.613185227
-0.00172794296 0.777578175
-0.311252654 0.782738149
-0.477173597 0.819428086
-0.226197705 0.819650352
-0.492932111 1.03263927
0.58365494 3.81746864
0.489117444 3.88444686
0.681533098 3.67027712
0.501690805 3.68817544
0.275857627 4.11267853
0.203594401 4.26109028
0.445913941 4.06895542
0.252358407 4.14634466
0.477076977 0.567267835
0.444419563 0.546046138
0.651809514 0.276747078
0.605244994 0.485519528
0.17380704 0.652963281
0.14563641 0.645919204
0.321703285 0.752170861
0.170638084 0.955283821
1.42353773 3.99396658
1.27446651 4.31092024
1.58258116 3.96601772
1.53911602 3.97548914
1.23744464 4.45469856
1.08686244 4.60106993
1.25463104 4.35546017
1.26329887 4.55361176
-0.136029333 0.92765981
-0.166363418 0.948547482
0.151673704 0.630334437
0.00864021387 0.755046785
-0.30290401 0.934189618
-0.384051472 0.912471116
-0.148376018 0.902946889
-0.294510037 0.928492367
0.535459042 3.95150208
0.465629667 4.06346083
0.782499194 3.78990698
0.682518482 3.96783376
0.425815165 4.22327232
0.284368753 4.27853298
0.466222525 4.09954643
0.354228199 4.29601288
0.345331222 0.794557631
0.320227772 0.789899528
0.636920571 0.313234657
0.633389175 0.475744724
0.193225205 0.778753817
0.160871834 0.828297198
0.421964347 0.707952976
0.319642812 0.775545895
1.4408071 4.09791088
1.41088712 4.27591801
1.59052682 3.85822511
1.57793736 4.14530993
1.25551188 4.32189798
1.19180131 4.58626747
1.41650546 4.45816565
1.31833816 4.53937244
-0.173088536 0.173786566
-0.257871926 0.281533271
0.00447813515 0.160570279
-0.150695905 0.304247707
-0.3101179 0.467427462
-0.459070951 0.605222344
-0.174745902 0.462092906
-0.316646785 0.603153527
0.791075647 3.94387531
0.644225061 4.08618116
0.920410335 3.98753357
0.820922017 4.12606907
0.305339128 4.09546757
0.301775515 4.15596676
0.43366316 3.81470585
0.322866827 3.97812867
0.319833577 0.17749238
0.30478555 0.174720839
0.591313958 0.15830192
0.470919937 0.164387077
0.158682019 0.467775404
0.122203462 0.458829403
0.301214546 0.337328553
0.139698833 0.466886014
1.45166993 4.40070295
1.44162929 4.48921061
1.58378065 4.252666
1.5076139 4.29323769
1.26069081 4.40570021
1.11729097 4.43687916
1.35119855 4.29140091
1.281569 4.42774963
-0.0804908648 0.249160692
-0.157233536 0.315828621
0.00218750746 0.302735716
-0.0296419188 0.32193768
-0.300422817 0.512158215
-0.430675119 0.648792148
-0.148069695 0.610177934
-0.336238772 0.615696967
1.11042833 4.28107214
0.899375916 4.2752409
0.947147369 3.97354579
0.788864911 4.17842102
0.485167235 4.22412968
0.332755208 4.32337332
0.466121227 4.0942502
0.35239023 4.2287569
0.470455199 0.161263183
0.315658361 0.303061843
0.641417384 0.00212522526
0.503305078 0.135355875
0.216627508 0.433726877
0.149712145 0.476951212
0.333380818 0.369872779
0.279360652 0.459149718
1.61974239 4.45051289
1.53487504 4.44433451
1.59736395 4.10387135
1.58134675 4.4289999
1.27860367 4.56753397
1.26955903 4.52083254
1.30996037 4.44593048
1.27354574 4.58692694
3.16083264 0.715330422
3.19196939 0.76860112
3.33724213 0.644579649
3.32405519 0.584591925
3.02125239 0.503360569
2.99027872 0.480918705
3.17934442 0.147718742
3.03670287 0.0943359509
3.96811724 3.9731586
3.99243236 3.94218969
4.11317492 3.57919765
4.12551212 3.62480855
3.9172833 4.07387829
3.935287 4.30188799
4.0483017 3.9735682
3.9668746 3.83740377
4.12201786 0.777271926
4.01988363 0.834929168
4.14720964 0.644954622
4.25382566 0.637880564
3.93303275 0.501195252
3.79223084 0.625528455
4.07753277 0.27064693
3.99194431 0.323906481
4.91639233 4.35723829
4.92047644 4.43460083
4.99359417 4.13180113
5 4.08164787
4.78578854 4.59676313
4.76816559 4.73916769
4.91584778 4.31822109
4.9169178 4.13204336
3.43557405 0.944139302
3.54862309 0.934554994
3.63499331 0.798683524
3.64918327 0.939167857
3.19438839 0.656147778
3.28275824 0.791265368
3.31927633 0.498331666
3.40794754 0.625856698
4.27772331 4.12453127
4.32001114 4.27845621
4.37217426 3.83283567
4.45438385 4.10103273
4.11409807 4.26901102
4.13028145 4.47447348
4.28461742 4.15332747
4.32366896 4.44429159
4.2449317 1.07890463
4.34347153 1.10693622
4.35743093 0.8677091
4.40886736 0.937652767
4.12227774 0.76257813
4.10191584 0.840513468
4.10017586 0.615670562
4.15128946 0.667584717
4.98059559 4.44420862
5 4.58950472
4.99788046 4.2028079
4.99840069 4.43644238
4.9076376 4.69763136
4.81017303 4.82007122
4.96496534 4.48440456
4.92719746 4.76546335
3.0538826 0.455426723
2.93146896 0.460510939
3.03104782 0.324792206
3.04153347 0.452860922
2.79015112 0.434721857
2.70134473 0.326476365
2.75079179 0.257698298
2.57800055 0.378715634
3.94754934 3.81475353
3.90218043 3.95601201
3.81329322 3.63090205
3.86542869 3.7761445
3.72103214 3.97079349
3.73392367 4.12354326
3.73747826 3.79969478
3.73145247 4.01491737
3.91495705 0.595753491
3.91514802 0.617110968
3.95624828 0.495835841
3.84317064 0.566594541
3.64925385 0.496172905
3.68387532 0.442247391
3.79504013 0.427489012
3.74329329 0.468536168
4.87466049 4.14532614
4.79855967 4.36618614
4.9173851 4.01187611
4.77989674 4.12431145
4.76649618 4.29403019
4.71478939 4.42123652
4.77414894 4.2117877
4.76566982 4.30772638
3.18858123 0.621167302
3.33536601 0.635137677
3.34652781 0.481929302
3.37020564 0.631895185
3.00890613 0.283558547
2.99788904 0.463367373
3.16981101 0.436854661
3.07482052 0.570305228
4.10004854 3.97742534
4.12218904 4.1323204
4.11844921 3.81540918
4.21086168 3.94661832
3.9810555 3.8737011
4.10767746 4.13807726
4.09615898 3.86559868
4.08113432 4.13127375
3.93701959 0.78304559
4.10711098 0.793596387
4.11136055 0.629334152
4.10777521 0.775873899
3.93942833 0.308853
3.91512728 0.536228299
4.00740623 0.451718748
3.93280625 0.614296794
4.80986929 4.29251766
4.94630194 4.47249889
4.95066261 4.11655664
4.93474531 4.33643866
4.7624855 4.36306334
4.77436781 4.58515453
4.91088724 4.19064617
4.85694981 4.46298838
3.34901714 1.31473291
3.25307536 1.43744779
3.33696127 1.28541231
3.33161497 1.40268242
3.04472327 1.26776206
3.03481627 1.42330134
3.19996452 1.26737833
2.99836421 1.43424618
4.11677361 4.66020918
4.07760429 4.61517763
4.25872278 4.53619194
4.17884302 4.44568539
3.85774851 4.85808182
3.83058453 4.93665218
4.04694843 4.76914549
3.8475914 4.74349785
4.18263769 1.43406725
4.13378572 1.60265172
4.35131025 1.37290359
4.43017292 1.43248343
4.15290308 1.59030378
4.13158035 1.64055049
4.29495668 1.58387029
4.19571733 1.73263991
4.94224691 4.95324183
4.93296909 4.99862814
4.99293709 4.83168888
4.99961472 4.85590649
4.70528555 5
4.68912363 5
4.94772434 4.99932718
4.86494207 4.99886084
3.63183451 1.58332205
3.64124346 1.58712459
3.74901438 1.43031049
3.79800487 1.47042429
3.36022305 1.53646886
3.37625384 1.60407066
3.54054689 1.4334327
3.51916099 1.56531358
4.28486872 4.8700552
4.38486862 4.95237017
4.47083712 4.61428118
4.51106739 4.81837082
4.18526697 4.98265791
4.13737679 5
4.30691624 4.83082867
4.36747837 4.95179892
4.28720951 1.61198843
4.29179192 1.72956824
4.47670078 1.42395222
4.50918388 1.44389784
4.29409647 1.74622929
4.2642889 1.75080884
4.30009317 1.738307
4.34876394 1.74710536
4.99558735 4.99752092
5 4.9951148
5 4.77693939
5 4.9839673
4.79989243 5
4.76350117 5
4.93216085 5
4.93965626 4.99421978
3.17884302 0.6645509
3.03622508 0.786114633
3.30098748 0.668669283
3.13578796 0.785420895
2.8574872 1.02624011
2.81654835 1.11249614
3.00643444 0.964851618
2.92045832 1.10705197
3.98641253 4.67466259
3.96761894 4.75511312
4.14096498 4.60311842
3.95086527 4.76674652
3.65687633 4.65815783
3.60016894 4.77197504
3.823663 4.59609461
3.76241207 4.70772743
3.99923372 0.601662099
3.96628308 0.634728253
4.1625495 0.557769299
4.09396935 0.601988494
3.96119738 1.25249243
3.94853663 1.31236959
4.12683678 1.20084786
4.00163651 1.2630657
4.93337202 4.91693306
4.87893486 5
4.96408701 4.82037783
4.84786701 4.92022657
4.70445681 4.93902397
4.62896919 4.99082518
4.77227068 4.7807579
4.74313402 4.91296005
3.46290445 0.795827627
3.62173152 0.960977793
3.63718438 0.80286473
3.58710074 0.9516716
3.22992229 1.12124121
3.1435225 1.26887941
3.33433557 1.12800694
3.32495189 1.1600132
4.3137331 4.99749088
4.16455841 4.99998569
4.26330996 4.65568304
4.24834156 4.83868027
4.05272293 4.93311405
3.98581076 5
4.03906918 4.73987484
4.07938576 4.83686209
4.11459875 0.616825521
4.10496855 0.740119994
4.27622938 0.707625508
4.27471352 0.790978849
4.07929182 1.4149605
4.1122117 1.39964056
4.22145748 1.29451311
4.14674568 1.39832771
4.78797579 4.99971581
4.7757926 5
4.99650621 4.91220188
4.95048761 4.98364162
4.76384687 4.99919701
4.74407101 4.99949026
4.83589745 4.918859
4.82459927 4.98361635
-0.00351068354 -0.159223035
-0.15757142 -0.145919323
0.156838685 -0.331197977
0.12235301 -0.305589467
-0.158571228 -0.354467392
-0.296209127 -0.323451191
-0.0034124048 -0.750422597
-0.156454742 -0.802874088
0.464119256 2.86146069
0.453563422 2.86288929
0.679204047 2.6489625
0.675066471 2.69263721
0.323321193 3.35365462
0.318437725 3.48775172
0.482088655 3.17587948
0.320001066 2.99820781
0.640599549 -0.156275898
0.656485915 -0.186610579
0.847406089 -0.439334273
0.79221499 -0.309971482
0.462016851 -0.811465561
0.320540309 -0.740088642
0.606081188 -1.27709043
0.479371279 -1.26298118
1.43659461 3.46258855
1.41064382 3.59058046
1.5926733 3.17520761
1.57074559 3.34100699
1.32577145 3.95385408
1.26791644 3.96489167
1.51646507 3.97869897
1.44305456 4.12332821
-0.020635901 0.00340776332
-0.163873583 0.117325813
0.152538016 -0.108682081
0.0508605875 0.0177445505
-0.157842636 -0.170043632
-0.206013158 -0.163008556
-0.0390448198 -0.473145545
-0.156350881 -0.31089133
0.459968537 3.01077819
0.486305863 3.18560696
0.745616436 2.82007575
0.622166634 3.0450592
0.318779707 3.56441474
0.32402271 3.57607865
0.47819075 3.5122776
0.476373196 3.64515996
0.646987557 0.0204983205
0.594172537 0.00312974583
0.89586091 -0.24003154
0.797378123 -0.140274778
0.495357066 -0.575600505
0.331706375 -0.471510142
0.632827759 -0.798732936
0.490071595 -0.672272563
1.4139694 3.66051626
1.41716611 3.80445385
1.58866584 3.38676882
1.57785475 3.54180503
1.42818022 4.1128974
1.26836562 4.12670231
1.58715487 4.14164734
1.44119132 4.12665462
-0.153157949 -0.333465934
-0.212268576 -0.318391681
0.00576224644 -0.435700864
-0.164080635 -0.389466852
-0.26691407 -0.327689767
-0.367934883 -0.451602787
-0.161601052 -0.481538057
-0.322773248 -0.32826516
0.421619296 2.8649137
0.345049739 2.9000771
0.496121675 2.61569834
0.381447285 2.69758654
0.210323602 3.25015521
0.177495435 3.20116735
0.345961511 2.99209476
0.219379827 3.18476892
0.5584656 -0.338784665
0.466775149 -0.318481535
0.711582124 -0.483742058
0.636459768 -0.470797718
0.314970344 -0.62563765
0.293082178 -0.644329011
0.483456492 -0.708299696
0.319097131 -0.480478227
1.28481293 3.30707002
1.22469795 3.38734365
1.43210101 3.134588
1.29304194 3.27237725
1.28849864 3.63552427
1.13688409 3.66214108
1.42405558 3.50800562
1.27728701 3.62589335
-0.151114926 -0.214626625
-0.158651188 -0.171589494
0.0895538032 -0.33282128
0.000530594669 -0.317887157
-0.162699446 -0.482124358
-0.327167094 -0.310899168
-0.146757618 -0.424416304
-0.292798698 -0.288813204
0.48734203 3.00911546
0.426747411 3.05905533
0.536615789 2.74525619
0.470810562 3.00182343
0.354885608 3.28282475
0.210345909 3.41734791
0.362937778 3.17268014
0.21376358 3.30021167
0.655660629 -0.177496403
0.452290088 -0.160165802
0.792942345 -0.341873705
0.633641958 -0.307504445
0.458291411 -0.8539536
0.320033282 -0.48103556
0.564601481 -0.62741679
0.433705628 -0.484508246
1.44727588 3.48941636
1.2738694 3.62314463
1.42535532 3.31450677
1.4332701 3.34746337
1.29680824 3.76379013
1.24407101 3.74771881
1.41889465 3.69438577
1.31280077 3.75099897
-0.170311123 0.481894642
-0.243879035 0.475241452
-0.0158507526 0.315059721
-0.104081117 0.462247998
-0.313657463 0.478751987
-0.478420407 0.613713264
-0.33225739 0.634253561
-0.666666269 0.773781836
0.477768004 3.8004303
0.382767618 3.84648561
0.651219785 3.65205908
0.547453344 3.64826894
0.251923829 3.98657227
0.167151734 4.12876081
0.308030099 3.99172807
-0.0109715434 3.98571634
0.521901786 0.632769108
0.473040253 0.486675084
0.652673841 0.472014278
0.628941298 0.529741883
0.155850574 0.625837982
0.168751329 0.621943831
0.345005721 0.617914915
0.164887831 0.79726994
1.28518951 4.05033731
1.26936162 4.27373219
1.44929695 3.80772853
1.29037595 3.93703723
1.07720912 4.46076488
0.964421213 4.43457985
1.18858528 4.27173615
1.08885539 4.34838152
-0.147573039 0.63933146
-0.159169957 0.635182858
0.122788377 0.467099965
-0.00433922885 0.493846655
-0.288374007 0.614570022
-0.31826812 0.698498368
-0.163217947 0.636070669
-0.313518047 0.725796223
0.485669643 3.97972536
0.465002567 4.13163519
0.759050131 3.77788424
0.634928644 3.85070896
0.31883812 4.12351036
0.159995899 4.29037952
0.264060795 4.12024832
0.140759543 4.15842056
0.476119876 0.758183777
0.446063936 0.779150963
0.682171285 0.457788438
0.630652189 0.375904828
0.274483353 0.728757739
0.263914853 0.732991934
0.458588958 0.641561091
0.321021348 0.645800889
1.34645629 4.28079891
1.27208292 4.3166728
1.56503141 3.82501173
1.44839418 4.12456942
1.11424959 4.45752192
1.12143552 4.48924494
1.23994637 4.42293978
1.1450212 4.45140505
-0.214371175 -0.159477115
-0.320740163 -0.0120380977
-0.0931535289 -0.14584063
-0.246882141 -3.41149062e-05
-0.312875479 0.313884825
-0.476968229 0.320954859
-0.296082377 0.286650479
-0.533371925 0.303361058
0.630721271 3.90120077
0.482099384 3.94350696
0.843855619 3.81217933
0.794503152 3.96096277
0.315797865 3.98761487
0.240312651 4.08528042
0.327105641 3.83758569
0.104982466 3.90586686
0.394345522 -0.0224977359
0.381694227 0.00767907035
0.594852626 -0.046868857
0.470722735 -0.0182279628
0.157444447 0.336207032
0.128617033 0.326029778
0.334957272 0.319725305
0.16450502 0.432489276
1.42086089 4.12526608
1.26452041 4.24136686
1.56942999 3.9677043
1.54901528 4.08416986
1.10755277 4.36077261
0.974854887 4.37757206
1.24887419 4.218225
1.11136532 4.28296995
-0.0577581041 -0.0332776234
-0.17833893 0.0949042737
0.00670639286 0.0054404051
-0.0271002427 0.000916906749
-0.145241782 0.315188557
-0.319094688 0.403050721
-0.17061013 0.320233703
-0.319995105 0.439373136
1.11191368 4.02726841
0.79158932 4.12705898
0.792025328 3.93622589
0.777306437 3.97751355
0.486805141 4.10641003
0.300553888 4.12242222
0.471604645 3.98118567
0.313216418 4.09611464
0.469193846 0.00262969499
0.471160531 0.119274758
0.631121814 0.00562452199
0.622560441 0.0592398085
0.285807997 0.33446297
0.132899478 0.300348997
0.347857803 0.344544262
0.234133899 0.414795876
1.70950389 4.13125992
1.58207154 4.20154476
1.53810346 4.10894203
1.43902063 4.11434841
1.26107705 4.37985086
1.10803652 4.40693283
1.27258563 4.37798119
1.11105573 4.40290499
3.41480327 0.317976117
3.36128139 0.327102959
3.51046014 0.165356413
3.519099 0.199359208
3.10257268 0.136454538
3.12111974 0.0378947817
3.16886878 -0.158570454
3.16846561 -0.154548779
4.19721365 3.95050764
4.18375635 3.97153378
4.26911688 3.74284768
4.28429508 3.72936106
3.98130035 4.13172245
3.97127199 4.18812513
4.11261702 3.75398707
4.11762238 3.70752931
4.23843622 0.61576432
4.23551559 0.624630809
4.26711464 0.378414631
4.460217 0.473173827
3.94211507 0.156421602
3.9715488 0.185786307
4.16025114 -0.128830597
4.11461735 -0.00842658058
4.95635128 4.14845943
4.95719957 4.34350157
4.99152422 4.10735607
4.93876362 4.18213034
4.80012989 4.49915314
4.77419615 4.59661007
4.94950485 4.44304085
4.93411303 4.59198618
3.67882705 0.538451374
3.76723599 0.625858486
3.64480877 0.457365036
3.83273149 0.482298553
3.33637261 0.37362662
3.39271522 0.483501852
3.42798281 0.170200035
3.52343035 0.342176974
4.43055773 4.12558842
4.38075256 4.21598625
4.43300104 3.96554303
4.44923973 4.11375284
4.22429085 4.26568079
4.26864672 4.43686628
4.31003761 4.11517239
4.38183308 4.28890991
4.5714221 0.783283234
4.45983076 0.885742426
4.43988609 0.536402941
4.4439044 0.626680613
4.18717527 0.406423002
4.27297497 0.558076501
4.18660259 0.16195716
4.15250683 0.32187748
4.99331093 4.29616451
4.99894381 4.47757196
4.99797392 4.14699984
5 4.28847313
4.92693329 4.57193613
4.90263414 4.61530924
4.9974041 4.46693182
4.99966335 4.56162739
3.23727632 0.080186896
3.17760921 0.149053156
3.34420466 -0.000665149069
3.19905734 0.0176748354
2.9604187 0.0600860454
2.90206957 0.109435603
3.00444937 -0.000971101632
2.86455917 0.0175093096
4.14590406 3.78252769
4.02077389 3.80709863
4.10545588 3.53654194
4.10177326 3.65218306
3.95769596 3.81307101
3.92949915 3.96807289
3.93041992 3.76459384
3.94991541 3.83050728
3.98356414 0.31259948
3.96985006 0.326868266
4.12112188 0.151121616
3.92703056 0.195998058
3.71101665 0.092465274
3.76311541 0.117024787
3.8098681 -0.0074440795
3.64335895 0.146640122
4.82663202 3.95978141
4.77308178 4.11843491
4.80218458 3.83330178
4.76266766 3.95447946
4.72473669 4.27384758
4.70908117 4.26412487
4.7396965 4.11791611
4.69650793 4.28408527
3.49004197 0.161101878
3.47436261 0.301872134
3.50375128 0.116548814
3.59096837 0.177661955
3.17592812 -0.00588091556
3.20038509 0.200849399
3.24696279 0.00578679563
3.38237548 0.160074502
4.30677843 3.96985173
4.24953556 3.94711375
4.23259735 3.72723389
4.37385035 3.83327723
4.12235117 3.94578457
4.12532616 4.12626791
4.12076235 3.93637729
4.15574074 3.99816322
4.21702957 0.478332818
4.28022766 0.492826611
4.32172298 0.3061454
4.23726845 0.442340255
4.08395529 -0.161782831
4.07315111 0.148711577
4.12489414 0.0317265801
3.97005725 0.326896816
4.84179306 4.13323116
4.92905712 4.28918028
4.9084177 3.94465446
4.82491922 4.0804019
4.81157112 4.44049454
4.78092098 4.44262934
4.89140844 4.3311758
4.7802124 4.31327248
3.48565364 0.937947273
3.50391245 0.976203203
3.62989497 0.878733993
3.65917349 0.966413438
3.30918741 0.854153335
3.2180171 0.961796641
3.32932663 0.944793522
3.28704691 0.953478396
4.15392828 4.75896311
4.18538713 4.73981571
4.29461479 4.60818195
4.25239468 4.44217443
4.01078224 4.8451004
3.89238334 4.93930626
4.1622777 4.76375437
3.96499586 4.76417875
4.43678951 1.27741086
4.27423429 1.43879616
4.40655375 1.21128464
4.5553093 1.26576996
4.1989398 1.26559913
4.25449085 1.38127089
4.27869463 1.26741111
4.24389839 1.43185127
4.94222355 4.8888588
5 4.92292309
5 4.68787479
5 4.67628336
4.85781336 4.94775009
4.76652431 4.99829197
4.84698915 4.9248023
4.84762383 4.91825581
3.87846231 1.11197078
3.84334898 1.12036133
3.96124268 0.969686985
3.95981646 1.11265624
3.48837996 1.11060679
3.48343945 1.0990876
3.57989478 0.966453433
3.6483078 1.03054547
4.44399405 4.9696393
4.40030575 4.94707823
4.44163942 4.66878796
4.58993244 4.93285704
4.19587326 4.99618244
4.25949049 5
4.29245424 4.93331289
4.35765696 4.99794388
4.42676306 1.55374181
4.51935101 1.55478704
4.60902071 1.27785885
4.62221336 1.33021975
4.27750349 1.43033111
4.38913107 1.45297372
4.45747042 1.37141669
4.37941504 1.41764879
4.9992013 4.79356575
4.98858404 4.99758816
4.99667168 4.77354717
5 4.79094553
4.96787119 5
4.9319396 5
4.99997997 4.96572161
4.98574257 4.99999523
3.33163929 0.317318052
3.33281207 0.465185493
3.50185633 0.318694651
3.52837777 0.36214757
3.07094646 0.629829586
3.02650714 0.67660141
3.17427588 0.617161989
3.19745874 0.636143863
4.16408968 4.60092497
3.9889853 4.60851336
4.1570034 4.47318077
4.14313316 4.61582184
3.83719158 4.6041832
3.81225848 4.59516478
4.03738451 4.60480547
4.06161261 4.70126009
4.28520584 0.550634086
4.30923891 0.543733478
4.20538759 0.398284554
4.26809978 0.461011887
3.96547341 0.999019206
3.98118281 1.05076659
4.13426256 0.851824582
3.99227381 0.960865676
4.93157196 4.71269321
4.82227468 4.7827816
4.92490387 4.62026501
4.82647991 4.75512886
4.64967489 4.73938608
4.64482546 4.90769577
4.78360176 4.66354132
4.6611681 4.76103258
3.64404917 0.482568055
3.73248625 0.631599605
3.64201474 0.477055699
3.72988534 0.603962302
3.31975412 0.777626097
3.33519363 0.821374774
3.41733837 0.758795321
3.46179748 0.793739498
4.26164532 4.77324057
4.29875946 4.78541565
4.29615164 4.60694265
4.34617519 4.75914145
4.12680149 4.76650381
4.08582973 4.85653162
4.14226675 4.7546401
4.18600082 4.76840591
4.36295938 0.564819157
4.44170856 0.658552468
4.42279291 0.455767125
4.34639931 0.616962671
4.17923975 1.10932612
4.1800189 1.09940732
4.28229856 0.960752904
4.2846117 1.0090729
4.81878519 4.8046999
4.88699579 4.92140722
4.9609704 4.75226831
4.92664099 4.76444149
4.85425377 4.96159172
4.76183891 4.97513628
4.83537102 4.76712704
4.85440063 4.88648939
