# Asfand-comparable: RX FC 32-64-16 sigmoid, window 5, our TX-DSP, JLT chain,
# N_DAC=6, train@14, 100k, seed as listed. precode = differential encoder at
# the DPD input (Marco 20/7), loss/BER on raw bits.
# precode(1|0) N_ADC seed axis(ebn0|osnr) | BER at 9 10 11 12 13 14 15 16 17 18 (ebn0) / 11 12 13 14 15 16 17 18 19 20 (osnr)
1  6  0 ebn0 4.5335e-02 2.7254e-02 1.4789e-02 6.9452e-03 2.9008e-03 1.0669e-03 3.4319e-04 8.8563e-05 2.2031e-05 5.1250e-06
1  6  0 osnr 4.6307e-02 2.7970e-02 1.5220e-02 7.3116e-03 3.0807e-03 1.1190e-03 3.6450e-04 9.7938e-05 2.4188e-05 5.5313e-06
0  6  0 ebn0 4.3173e-02 2.4636e-02 1.2689e-02 5.6092e-03 2.1267e-03 6.9577e-04 1.8028e-04 3.7157e-05 5.8125e-06 1.0625e-06
0  6  0 osnr 4.3911e-02 2.5505e-02 1.3052e-02 5.9451e-03 2.2963e-03 7.2865e-04 1.9303e-04 3.7219e-05 6.5001e-06 9.6876e-07
1  8  0 ebn0 4.6224e-02 2.8020e-02 1.5328e-02 7.4432e-03 3.1345e-03 1.1572e-03 3.7116e-04 9.8720e-05 2.1875e-05 4.0938e-06
1  8  0 osnr 4.7267e-02 2.8741e-02 1.5815e-02 7.6774e-03 3.2944e-03 1.2462e-03 3.8750e-04 1.0334e-04 2.3063e-05 3.9063e-06
1  5  0 ebn0 5.2088e-02 3.2960e-02 1.9174e-02 9.6899e-03 4.4316e-03 1.8336e-03 7.0544e-04 2.1472e-04 6.1500e-05 1.2094e-05
1  5  0 osnr 5.3719e-02 3.3780e-02 1.9424e-02 1.0197e-02 4.7272e-03 2.0023e-03 7.5294e-04 2.3116e-04 6.8313e-05 1.5250e-05
0  8  0 ebn0 3.9425e-02 2.2399e-02 1.1249e-02 4.8904e-03 1.8068e-03 5.5852e-04 1.4600e-04 2.8156e-05 5.1563e-06 6.5626e-07
0  8  0 osnr 4.0436e-02 2.3093e-02 1.1604e-02 5.1525e-03 1.9337e-03 5.8127e-04 1.5384e-04 3.1219e-05 5.7500e-06 8.1251e-07
0  5  0 ebn0 4.9293e-02 2.9599e-02 1.6706e-02 8.1814e-03 3.6456e-03 1.4978e-03 5.0988e-04 1.4791e-04 4.0875e-05 9.8126e-06
0  5  0 osnr 4.9366e-02 3.0419e-02 1.6984e-02 8.6890e-03 3.9495e-03 1.5055e-03 5.6044e-04 1.6131e-04 4.3688e-05 1.0250e-05
1  6  1 ebn0 5.6467e-02 3.6118e-02 2.1008e-02 1.1074e-02 5.2740e-03 2.1489e-03 7.5004e-04 2.2838e-04 5.9907e-05 1.2000e-05
1  6  1 osnr 5.7874e-02 3.6905e-02 2.1803e-02 1.1601e-02 5.4729e-03 2.2291e-03 8.0301e-04 2.5322e-04 5.9125e-05 1.3063e-05
0  6  1 ebn0 4.6451e-02 2.8353e-02 1.5613e-02 7.7321e-03 3.3524e-03 1.3167e-03 4.1947e-04 1.1700e-04 2.7000e-05 4.5000e-06
0  6  1 osnr 4.7745e-02 2.9033e-02 1.6081e-02 8.0785e-03 3.5201e-03 1.3032e-03 4.4697e-04 1.2322e-04 2.7469e-05 6.0938e-06
1  8  1 ebn0 5.3526e-02 3.3815e-02 1.9372e-02 9.9303e-03 4.5735e-03 1.7934e-03 6.0263e-04 1.7760e-04 3.6844e-05 7.4376e-06
1  8  1 osnr 5.4694e-02 3.4625e-02 2.0023e-02 1.0337e-02 4.7638e-03 1.8657e-03 6.3869e-04 1.8506e-04 4.2250e-05 8.1563e-06
1  5  1 ebn0 6.4406e-02 4.2382e-02 2.4864e-02 1.3689e-02 7.2022e-03 3.0222e-03 1.1592e-03 3.9710e-04 1.2647e-04 2.6969e-05
1  5  1 osnr 6.7300e-02 4.2546e-02 2.5963e-02 1.5110e-02 7.3324e-03 3.0670e-03 1.2722e-03 4.6966e-04 1.2084e-04 3.2094e-05
1  6  2 ebn0 6.8929e-02 4.6969e-02 2.9750e-02 1.7451e-02 9.3329e-03 4.5680e-03 2.0295e-03 8.1816e-04 2.8706e-04 9.6501e-05
1  6  2 osnr 6.9721e-02 4.7846e-02 3.0506e-02 1.8100e-02 9.7124e-03 4.8353e-03 2.1540e-03 8.5251e-04 3.0538e-04 1.0044e-04
