# D W win N_ADC seed steps | BER at OSNR 11 12 13 14 15 16 17 18 19 20  (cband, Fig.10 chain, DAC6, train@14)
1  64 15  6  0 100000 8.3512e-02 5.9546e-02 3.9947e-02 2.4765e-02 1.4362e-02 7.6377e-03 3.7284e-03 1.6650e-03 6.8179e-04 2.4381e-04
1  64 21  6  0 100000 4.9178e-02 3.0548e-02 1.6900e-02 8.5709e-03 3.9253e-03 1.5308e-03 5.0313e-04 1.3822e-04 3.3219e-05 7.5313e-06
1 128 11  6  0 200000 5.7182e-02 3.7684e-02 2.3069e-02 1.3118e-02 6.7233e-03 3.1031e-03 1.3084e-03 4.8954e-04 1.6650e-04 6.0000e-05
1  64 15  6  0 200000 7.8566e-02 5.5147e-02 3.6172e-02 2.2074e-02 1.2617e-02 6.4416e-03 2.9441e-03 1.2044e-03 4.3669e-04 1.3609e-04
1 128 15  6  0 100000 5.4338e-02 3.5940e-02 2.1951e-02 1.2310e-02 6.3762e-03 2.9558e-03 1.2835e-03 4.9985e-04 1.9100e-04 8.1063e-05
1  64 15  6  1 100000 4.7540e-02 3.0051e-02 1.7377e-02 9.4448e-03 4.4974e-03 1.9131e-03 7.2807e-04 2.3760e-04 6.6688e-05 1.6344e-05
1  64 21  6  1 100000 4.6828e-02 2.9619e-02 1.6351e-02 8.3050e-03 3.8942e-03 1.5894e-03 5.9044e-04 1.8244e-04 5.1032e-05 1.3156e-05
1  64 21  8  0 100000 4.4186e-02 2.6776e-02 1.4640e-02 7.0937e-03 3.0126e-03 1.0975e-03 3.3688e-04 8.5469e-05 1.7313e-05 3.1563e-06
1  64 21  5  0 100000 6.1216e-02 3.8241e-02 2.0478e-02 1.1572e-02 6.0467e-03 2.6245e-03 1.0089e-03 3.1925e-04 9.8563e-05 2.4875e-05
1 128 21  6  0 100000 5.2553e-02 3.4459e-02 2.0722e-02 1.1424e-02 5.6017e-03 2.5608e-03 1.0600e-03 3.9100e-04 1.4819e-04 6.2938e-05
1  64 31  6  0 100000 4.6046e-02 2.8198e-02 1.5824e-02 7.9199e-03 3.5207e-03 1.3825e-03 4.7203e-04 1.3856e-04 3.5813e-05 8.9688e-06
1  16 21  6  0 100000 6.9665e-02 4.7967e-02 3.1010e-02 1.8575e-02 1.0503e-02 5.3943e-03 2.5641e-03 1.0825e-03 4.3378e-04 1.5659e-04
2  64 11  6  0 100000 3.9134e-02 2.2302e-02 1.1178e-02 4.8324e-03 1.8379e-03 5.6089e-04 1.4703e-04 3.0969e-05 4.4375e-06 5.9375e-07
2  64 11  6  1 100000 4.7438e-02 2.9282e-02 1.6365e-02 8.3939e-03 3.6595e-03 1.4535e-03 5.1232e-04 1.6553e-04 5.5188e-05 2.5063e-05
