# E2E Dario W=16 D=1 seed0 100k, Fig.10 chain, N_DAC=6. Same net on two grids.
# axis=ebn0  N_ADC | BER at Eb/N0 9 10 11 12 13 14 15 16 17 18
# axis=osnr  N_ADC | BER at OSNR 11 12 13 14 15 16 17 18 19 20 (Eb/N0 = OSNR-2.05)
ebn0 ideal 5.2173e-02 3.3737e-02 2.0148e-02 1.0874e-02 5.4114e-03 2.3941e-03 9.4157e-04 3.2488e-04 9.7876e-05 2.6313e-05
osnr ideal 5.3352e-02 3.4524e-02 2.0698e-02 1.1228e-02 5.5958e-03 2.4866e-03 9.8045e-04 3.4310e-04 1.0291e-04 2.8188e-05
ebn0 8 5.3374e-02 3.4645e-02 2.0870e-02 1.1378e-02 5.7168e-03 2.5555e-03 1.0197e-03 3.6194e-04 1.1356e-04 3.1156e-05
osnr 8 5.4551e-02 3.5533e-02 2.1422e-02 1.1718e-02 5.8988e-03 2.6573e-03 1.0692e-03 3.7822e-04 1.1744e-04 3.3282e-05
ebn0 6 5.6151e-02 3.7019e-02 2.2794e-02 1.2747e-02 6.8298e-03 3.1652e-03 1.3834e-03 5.3247e-04 1.8960e-04 6.2157e-05
osnr 6 5.7053e-02 3.8094e-02 2.3280e-02 1.3203e-02 6.8681e-03 3.3115e-03 1.4558e-03 5.6494e-04 1.9938e-04 6.6782e-05
ebn0 5 6.6854e-02 4.5887e-02 2.9587e-02 1.7241e-02 1.0454e-02 4.7292e-03 2.3282e-03 9.9432e-04 4.2269e-04 1.6447e-04
osnr 5 6.7223e-02 4.7572e-02 2.9553e-02 1.8077e-02 9.6183e-03 5.1285e-03 2.4328e-03 1.0361e-03 4.3803e-04 1.6881e-04
