# W N_ADC seed | BER at OSNR 11 12 13 14 15 16 17 18 19 20  (D=1, 100k, DAC6, train@14, Fig.10 chain)
 16  8  0 5.4446e-02 3.5468e-02 2.1436e-02 1.1758e-02 5.9237e-03 2.6738e-03 1.0706e-03 3.8147e-04 1.1994e-04 3.3094e-05
 16  6  0 5.7231e-02 3.7885e-02 2.3399e-02 1.3134e-02 7.0850e-03 3.2867e-03 1.4425e-03 5.6185e-04 2.0078e-04 6.6501e-05
 16  5  0 6.8027e-02 4.6805e-02 3.0286e-02 1.7692e-02 1.0812e-02 4.8997e-03 2.4255e-03 1.0369e-03 4.3847e-04 1.7422e-04
 64  6  0 4.8562e-02 3.0442e-02 1.7056e-02 8.9238e-03 4.1914e-03 1.6954e-03 5.8257e-04 1.7750e-04 4.9344e-05 1.2781e-05
 32  6  0 8.0454e-02 5.7685e-02 3.8874e-02 2.4245e-02 1.4246e-02 7.7491e-03 3.9591e-03 1.8812e-03 8.8079e-04 3.7394e-04
  8  6  0 1.0179e-01 8.2059e-02 6.5271e-02 5.1424e-02 4.0669e-02 3.2458e-02 2.6372e-02 2.2306e-02 1.9336e-02 1.7049e-02
 64  8  0 4.5866e-02 2.8361e-02 1.5869e-02 7.9214e-03 3.5264e-03 1.3528e-03 4.3932e-04 1.2213e-04 2.9563e-05 6.0313e-06
 64  5  0 5.6498e-02 3.5446e-02 1.9673e-02 1.1284e-02 6.0554e-03 2.7103e-03 1.0287e-03 3.4247e-04 1.1250e-04 3.0094e-05
 32  8  0 6.2102e-02 4.2589e-02 2.7170e-02 1.6046e-02 8.7090e-03 4.2746e-03 1.8746e-03 7.4194e-04 2.6835e-04 8.9782e-05
 32  5  0 8.4784e-02 6.1846e-02 4.3163e-02 2.7517e-02 1.7283e-02 1.0174e-02 5.6618e-03 3.0768e-03 1.6379e-03 7.1363e-04
  8  8  0 1.0561e-01 7.9189e-02 5.6275e-02 3.7919e-02 2.3704e-02 1.3680e-02 7.2239e-03 3.4121e-03 1.4313e-03 5.2347e-04
  8  5  0 1.1502e-01 8.8041e-02 6.5259e-02 4.6272e-02 3.0233e-02 1.8777e-02 1.0965e-02 6.1362e-03 3.1157e-03 1.3019e-03
128  6  0 5.8773e-02 3.9576e-02 2.4622e-02 1.4297e-02 7.6159e-03 3.6820e-03 1.6519e-03 6.9276e-04 2.8616e-04 1.1791e-04
128  8  0 5.5851e-02 3.7003e-02 2.2692e-02 1.2771e-02 6.4741e-03 2.9710e-03 1.2289e-03 4.5932e-04 1.6291e-04 5.6063e-05
128  5  0 6.4882e-02 4.4712e-02 2.8563e-02 1.7448e-02 9.8838e-03 5.2040e-03 2.6063e-03 1.2174e-03 6.0969e-04 2.8350e-04
 64  6  1 4.9403e-02 3.0024e-02 1.6385e-02 8.5288e-03 3.8126e-03 1.5280e-03 4.9807e-04 1.4847e-04 3.3907e-05 7.1563e-06
 64  6  2 4.6527e-02 2.8439e-02 1.5676e-02 7.9425e-03 3.5534e-03 1.4043e-03 4.8191e-04 1.4009e-04 3.2688e-05 7.2501e-06
 32  6  1 4.9835e-02 3.1764e-02 1.8618e-02 1.0049e-02 4.8478e-03 2.0829e-03 7.5601e-04 2.4635e-04 6.4844e-05 1.4625e-05
128  6  1 4.2612e-02 2.6277e-02 1.4134e-02 7.0307e-03 3.1196e-03 1.1667e-03 4.1744e-04 1.2534e-04 3.0063e-05 7.9376e-06
