# Marco follow-ups on the Asfand chain (JLT, N_DAC=6, RX 32-64-16 win5, no diffpre):
# mode: rxonly = fixed classical BPAM TX + complex RX (equalizer='ffe');
#       txW<w>D<d> = E2E with DPD width w, depth d (RX unchanged).
# mode N_ADC seed axis(ebn0|osnr) | BER at 9 10 11 12 13 14 15 16 17 18 (ebn0) / 11 12 13 14 15 16 17 18 19 20 (osnr)
rxonly  6  0 ebn0 6.9544e-02 5.3154e-02 3.9630e-02 2.8733e-02 2.0639e-02 1.3754e-02 9.7726e-03 5.9899e-03 3.9945e-03 2.1534e-03
rxonly  6  0 osnr 7.0122e-02 5.3526e-02 3.9849e-02 2.9133e-02 2.0757e-02 1.4362e-02 9.6721e-03 6.1269e-03 3.8689e-03 2.2730e-03
txW64D1  6  0 ebn0 4.7455e-02 2.8093e-02 1.5345e-02 7.1999e-03 3.1013e-03 1.1049e-03 3.4953e-04 9.2188e-05 1.9500e-05 3.6563e-06
txW64D1  6  0 osnr 4.8295e-02 2.9173e-02 1.5746e-02 7.6951e-03 3.2447e-03 1.1443e-03 3.7572e-04 9.6595e-05 2.2719e-05 3.7500e-06
txW64D2  6  0 ebn0 4.9453e-02 2.9736e-02 1.6427e-02 7.9611e-03 3.3986e-03 1.2754e-03 4.1444e-04 1.0622e-04 2.5719e-05 6.0625e-06
txW64D2  6  0 osnr 5.0330e-02 3.0521e-02 1.6748e-02 8.3503e-03 3.5511e-03 1.3122e-03 4.4525e-04 1.1588e-04 2.8625e-05 6.1250e-06
rxonly  8  0 ebn0 6.7195e-02 5.0497e-02 3.6740e-02 2.5888e-02 1.7664e-02 1.1431e-02 7.0408e-03 4.0543e-03 2.1953e-03 1.0929e-03
rxonly  8  0 osnr 6.8013e-02 5.1028e-02 3.7436e-02 2.6338e-02 1.7991e-02 1.1658e-02 7.2035e-03 4.1540e-03 2.2683e-03 1.1345e-03
rxonly  5  0 ebn0 7.8382e-02 6.2038e-02 4.7984e-02 3.6995e-02 2.8748e-02 2.0649e-02 1.6667e-02 1.1524e-02 8.4685e-03 5.6042e-03
rxonly  5  0 osnr 7.8830e-02 6.2480e-02 4.7996e-02 3.7321e-02 2.8411e-02 2.1629e-02 1.6233e-02 1.1632e-02 8.4621e-03 6.3347e-03
rxonly  6  1 ebn0 6.8156e-02 5.2337e-02 3.8897e-02 2.8007e-02 2.0145e-02 1.3777e-02 9.0921e-03 5.8576e-03 3.6641e-03 2.2118e-03
rxonly  6  1 osnr 6.9491e-02 5.2756e-02 3.9441e-02 2.8758e-02 2.0298e-02 1.3842e-02 9.5232e-03 6.1091e-03 3.7248e-03 2.2390e-03
txW64D1  6  1 ebn0 5.8477e-02 3.6759e-02 2.0737e-02 1.0621e-02 4.8843e-03 1.9888e-03 7.2038e-04 2.2519e-04 6.3532e-05 1.7813e-05
txW64D1  6  1 osnr 6.0279e-02 3.7378e-02 2.1791e-02 1.0890e-02 5.0488e-03 2.0514e-03 7.4041e-04 2.3856e-04 7.0126e-05 2.0844e-05
txW64D2  6  1 ebn0 4.7674e-02 2.9368e-02 1.6472e-02 8.5093e-03 3.8421e-03 1.5519e-03 5.4857e-04 1.7600e-04 4.8750e-05 1.2406e-05
txW64D2  6  1 osnr 4.8673e-02 3.0060e-02 1.7024e-02 8.7502e-03 3.9576e-03 1.6046e-03 5.7775e-04 1.8366e-04 5.2344e-05 1.3188e-05
txW64D2  8  0 ebn0 4.1961e-02 2.4760e-02 1.3237e-02 6.2731e-03 2.5947e-03 9.5278e-04 2.9947e-04 8.0938e-05 2.0313e-05 4.4688e-06
txW64D2  8  0 osnr 4.2917e-02 2.5380e-02 1.3664e-02 6.5491e-03 2.7441e-03 9.7703e-04 3.2044e-04 8.6719e-05 1.9969e-05 4.7813e-06
txW64D2  5  0 ebn0 5.4705e-02 3.4130e-02 2.0402e-02 1.0383e-02 4.8503e-03 2.1253e-03 8.4313e-04 3.0072e-04 9.7063e-05 3.1407e-05
txW64D2  5  0 osnr 5.5567e-02 3.4996e-02 1.9840e-02 1.0744e-02 5.0084e-03 2.1211e-03 8.8960e-04 3.0485e-04 9.8063e-05 3.2000e-05
txcomplex  6  0 ebn0 6.3455e-02 4.1637e-02 2.5222e-02 1.3637e-02 6.6938e-03 3.0516e-03 1.2728e-03 5.2850e-04 2.6297e-04 1.7310e-04
txcomplex  6  0 osnr 6.5034e-02 4.2544e-02 2.5562e-02 1.4164e-02 7.1867e-03 3.1284e-03 1.3313e-03 5.4460e-04 2.7256e-04 1.7566e-04
txcomplex  8  0 ebn0 5.6969e-02 3.6204e-02 2.0879e-02 1.0856e-02 5.0740e-03 2.0983e-03 7.6488e-04 2.4475e-04 7.6157e-05 2.6406e-05
txcomplex  8  0 osnr 5.8353e-02 3.6998e-02 2.1490e-02 1.1393e-02 5.3019e-03 2.1697e-03 8.1113e-04 2.6828e-04 8.1501e-05 2.5906e-05
txcomplex  5  0 ebn0 5.4430e-02 3.5042e-02 2.1114e-02 1.0976e-02 5.1803e-03 2.2531e-03 9.1360e-04 3.7813e-04 1.6166e-04 9.0282e-05
txcomplex  5  0 osnr 5.6077e-02 3.5824e-02 2.0898e-02 1.1601e-02 5.7698e-03 2.2971e-03 9.8535e-04 3.8688e-04 1.7460e-04 8.9313e-05
txcomplex  6  1 ebn0 5.2312e-02 3.1934e-02 1.7776e-02 9.0470e-03 4.0621e-03 1.6594e-03 6.1613e-04 2.1485e-04 7.9063e-05 3.6282e-05
txcomplex  6  1 osnr 5.3479e-02 3.2783e-02 1.8381e-02 9.3958e-03 4.3656e-03 1.7346e-03 6.5107e-04 2.2610e-04 8.3469e-05 3.4313e-05
